# m1 m2 ra dec psi luminosity_distance theta_jn phase geocentric_time snr_CE snr_CE20
14.958964738799422 10.64926952325591 4.694565536384873 0.4389297938224145 1.0329369757739393 16855.231056555716 2.2524578336731964 3.1001423471350944 0.02712407805098807 -0.6542772054489076 1932521302.986048 24.42611046500161 14.360955824588405
36.71640718271354 29.832833324379983 2.303418803325414 -0.015091305275519764 2.1967574349550394 24939.180987788823 1.8555967310030363 1.1430439413733948 0.16893766438750243 -0.026190386508865626 1945591678.6230721 34.41237699869466 19.986891699222067
19.100814713574945 10.864098251717905 5.1066021811158055 0.17751743516635793 2.0776937030958362 16302.53357643781 0.8880073471633835 6.006415639911635 -0.9381943201118241 -0.10900936324770437 1946585333.1592886 17.929550104825744 19.945088292855985
17.951678860277617 10.951572897363496 6.083131013574196 0.5291891504050291 0.9483856764947295 192074.3993440035 2.8267558509570305 4.2661096279676896 -0.039290731576427866 -0.01731333710454524 1928890635.1849332 13.288429380851296 3.3126465612303404
12.85766051887513 10.534188504071006 4.881789665728729 -0.7541397309813909 0.09632393080394643 142509.87381044246 1.4887270938687225 0.7096353204665631 0.1853986362793265 0.048408943194744064 1945380435.624952 3.309386130138421 1.4138132279943632
32.16911142011028 28.84380888201851 5.840088241039244 1.1330396804827656 0.08612403077607787 40194.65076845527 1.7805690504142748 5.378572126613074 0.34551972355097194 0.6425703931233995 1935518073.062311 51.224392831948784 19.07673548016108
11.12651959300343 10.575757923210684 1.0420483366014501 0.2215828020557457 2.5448493962531678 45141.30113057618 1.3502741730836707 3.50267553814893 -0.08126458608330316 0.470382479212773 1924655931.6136253 16.335991232968492 12.023649996668714
33.827628410514045 19.057193348779002 1.7409431980867525 -0.4477094941228446 0.17548702646770042 49741.410332416905 2.119972470805609 0.5919392025483321 -0.27083773040127784 0.017262697447282694 1922621492.886696 23.045441274822704 13.017604379733339
14.350373564801961 9.99311815741395 1.965294553647284 -0.7818369898677849 2.540541187173318 63826.73567007373 2.848263078445587 0.4576325702027761 0.042550800563517774 0.8415073947609917 1949153239.0430837 5.070129047875806 2.718955481826513
36.71640718271354 29.832833324379983 1.1902649065088726 -1.2499583745686254 0.4683883176183705 25012.254730897625 0.3075017078926762 3.9320806563431674 -0.13157462524421296 0.12276943725675112 1929700694.5306795 127.83971906850948 66.08330662592547
18.1546128268246 9.845213820412827 0.1933772446182055 0.34729999250277344 1.2217815841699444 41332.09275589668 0.5967486898106164 3.621946441077216 -0.5911426650110502 -0.08044424049990281 1922177730.2800136 10.274407538020009 8.110807470160905
17.951678860277617 10.951572897363496 5.227685041804477 0.29334501209086344 0.2954965755178177 49236.80433050887 0.42180773600370586 4.48916761542158 -0.22327016722102713 -0.31311752804584875 1933508232.5713563 41.075900895545 26.191438253840012
12.85766051887513 10.534188504071006 1.5985944992677115 1.0485009886990349 1.443309091059602 11314.010147147517 2.870718161111863 2.5737814826167194 -0.010063766688600116 -0.08673667588999515 1923981260.450174 103.0237723227523 53.42190559599021
29.3962248020313 26.214772794167146 1.7530064770628606 -0.5217330196042403 0.3973532137464632 14664.262445524757 2.4075774557226115 4.738326080540975 -0.010887504041697773 -0.0594251431835993 1936111623.0446303 61.29395489367617 13.074204328573048
11.12651959300343 10.575757923210684 3.9526849575283376 -1.4274880038450288 2.2387316470521843 65775.05263128567 0.8076907808370805 4.823167751676391 0.07652670739912601 -0.015609001554458438 1927400632.2784352 22.50367407552667 10.903978052638886
29.944460987337777 29.87920428257823 6.1743794972049795 1.1342509352448422 0.23525802162312406 78138.16277493074 1.3976507739043722 1.245873157179064 0.6615474556330836 0.08813898684294547 1946847615.2227533 20.31264076469575 6.106451433987708
33.827628410514045 19.057193348779002 1.9566975834060738 -0.5259189230449469 1.115423551664419 50459.650625111215 1.7174050375126186 3.688871617143619 -0.04536726838749088 0.01698713868546508 1925202932.4256988 7.364411493318584 8.975226381936599
19.997598091793336 84.63224827619436 1.2221132203691296 -0.020617859320714797 0.4332709808056272 18480.152258349324 1.7214008474095068 3.1343486158102385 -0.4781539069498319 -0.05151498955240135 1941254273.9282742 51.34578212406245 34.55784949279415
14.350373564801961 9.99311815741395 5.192104215763865 -0.9195314127951595 2.6585635500869538 107652.61394650703 1.293337441014942 0.4915355635236122 0.07226113255985243 0.01473253846874726 1941212620.0956726 11.266496681774713 5.935002976554735
18.1546128268246 9.845213820412827 4.113861485197093 -0.4213158491044898 0.7288539836780513 12735.571508553756 2.342208490769012 0.6030965876283365 -0.012751942044111253 0.526764852747253 1929262876.438553 41.57258879335877 30.68212211759105
29.3962248020313 26.214772794167146 0.8251882401478234 0.06625862497500416 0.22412601597250098 3893.8242248559877 0.7656213562304 4.768690531069856 -0.5086256254032061 -0.06547212627877419 1948885943.403199 196.7581815394016 84.1989940290609
11.12651959300343 10.575757923210684 4.3454402923497275 0.32315651524515326 0.6498472218927965 3964.8035681187694 1.0073866396064008 3.544758409789345 -0.03366713178437399 0.23113205064086248 1946682420.870029 118.70627534134856 67.03660381563004
33.827628410514045 19.057193348779002 4.14014036242747 -0.12793372631855157 1.9578412773499567 18562.14087894594 2.0037662912512286 1.0144076347755684 0.25919994067247115 0.4719224776048239 1923322326.616453 41.133271322208195 31.296208871603884
19.997598091793336 84.63224827619436 0.608962512806234 -1.014237376052933 0.4003592527711699 12090.340361071694 1.2801897480208406 5.12581692225123 0.3512248519144683 -0.6100263508374795 1932807953.0888207 55.620573870420984 23.15813635012168
14.350373564801961 9.99311815741395 1.4985583763912562 0.21490216971047313 0.9295439523300488 46097.48370742252 2.3860781680440177 2.272202194106534 0.6516616106664389 0.23169224199065291 1949115089.6638722 20.78225299698708 12.470864956182071
33.440622572445776 28.21374975684955 3.4040147060278194 -0.6190873314108749 1.188532094375828 51806.91152694189 2.9997843114431575 2.8187621995468093 -0.03849030582175482 -0.2673960084763671 1931169633.8311343 35.78304409254 20.452757160697615
20.55458868650949 9.751905588754267 3.472019603545392 0.047800131019199076 0.10520154553202275 7695.54520596069 0.3432981122695339 2.6473655046551583 0.22797738984194515 0.45246988724609144 1927241741.7386699 102.54871814155624 65.71300559827709
18.722388390910233 11.156690248477032 3.2114573897155925 0.16540328315039315 2.5254882539933146 17393.05178296918 1.3592920950864387 2.710763881974263 0.15241496457716902 -0.24667408657362633 1936781107.5217178 2.9839315733034284 5.228258201837556
14.83001583066991 10.486826869080437 5.307287576015795 -0.15492182830724033 2.835838298047953 70000.95760204917 1.9657759113303555 0.0939682960716722 -0.47308511122945784 0.35300090870368916 1937784835.1228771 15.7305986347089 6.4073138520913755
27.675477136550747 25.364279065027187 2.303262835707011 -0.00619098057334436 2.521703904707618 11382.746425757112 1.2047594797879613 6.209146572634617 -0.021769065368544203 -0.008360588820597056 1936992181.7089784 55.328624312443395 45.92076105785854
11.12651959300343 10.575757923210684 1.1663356626006232 -0.08633878323541538 1.8380911906291018 78980.4827150621 1.461955594257589 0.6238680990773633 -0.35953183550521867 0.05654464297126503 1921315484.3124232 8.437667116890285 1.62441374079537
29.944460987337777 29.87920428257823 4.822493207519559 -0.0760727639852728 1.2454851685095247 63430.84203515966 0.9402955885546296 5.772442972191112 -0.38106740188729704 -0.0009330037640369802 1948830753.074787 29.67925034834984 26.713857778268185
19.997598091793336 84.63224827619436 5.828522968997836 -0.5604720485257374 3.045702888524754 26917.077117389043 0.9290103128175998 1.7886922130358012 -0.49718220758402076 0.44998095374621694 1948276050.2861934 51.439422175606936 40.4702350779909
11.21026385238678 10.142850837190604 4.465521357440843 1.120602788863156 0.5224565686876782 41041.379892575154 1.950681919142965 5.430458634165796 0.3635531948247641 0.0660436373433547 1946773889.531193 27.388925173891373 13.279400296955826
33.440622572445776 28.21374975684955 4.571695988637412 -0.7804077856904598 3.0467130452915656 19443.932416234213 1.2518848257899953 1.3527949010307392 0.07015139997026586 -0.26458841449318465 1935585521.9308474 27.13776601415498 17.364044393650744
21.23155494338556 9.664996587721385 1.143607961891316 -0.3758410688014174 1.4077210628850296 13324.69358333265 1.1825936525764185 2.3110657857725867 0.32009356039979514 0.01083441247348858 1919901246.8952966 32.7409965394636 2.796003713270706
18.722388390910233 11.156690248477032 2.4859568999097617 -0.25486533505796616 0.22298837125578722 20903.27576282208 0.8201614265147599 1.5785783854915318 -0.0820864443532462 0.31204347604871313 1923457375.6136372 11.279400167630701 10.827702338972486
14.83001583066991 10.486826869080437 3.7386949427613474 -0.50084823009109 1.2063732035998134 121381.82598389205 1.7908884143061221 1.1654083845180074 -0.5468576392436847 0.41853343579007724 1938421493.1806827 7.378847970929893 6.487291474694971
27.675477136550747 25.364279065027187 0.5035226176467906 0.12735019410888834 2.627588487904432 19183.130106103403 0.616114311789501 5.074635816442285 0.3163972645060842 -0.0007150505939853452 1921632896.572134 88.2751344251951 69.42840239436458
11.12651959300343 10.575757923210684 3.2386454381768512 0.3485930816533718 1.3440567390828815 23671.58855474008 1.502091248321533 1.4858401417024665 0.15473583036412616 -0.050312508062105646 1938303954.3592088 27.79409513524986 19.177988299697226
30.68734140297308 29.525320882118407 2.636341037990235 -0.7185335837716182 1.2513302141975593 68269.7319088376 0.7412976468692962 2.600125225622475 -0.8401961769780459 -0.02612911621091238 1921517190.1059709 34.174772085367486 21.431297980269566
33.827628410514045 19.057193348779002 5.414518211707838 -0.8867857257572608 1.6452363641252883 91871.22532533426 1.8873073378348701 3.126000020558406 0.07809497751785734 -0.08160344057007785 1922487919.2981129 3.000207069374171 0.7639958950794363
11.21026385238678 10.142850837190604 1.3344230110842379 0.523853522128528 0.8074405544131982 15679.450417381455 2.8554479343476813 0.7129871238267759 -0.1895960271141074 -0.0003906464135506255 1935898828.2577968 36.19226519434002 25.449353987760627
21.23155494338556 9.664996587721385 3.0667483108655897 1.08418746795163 2.4717604289310096 41885.3038817227 1.0079141722151552 4.136972716841619 -0.0036276443587479968 0.06525880084705225 1932691716.0714347 26.144814742573292 14.545035821672018
18.722388390910233 11.156690248477032 3.048050671508318 0.21340606816676078 2.8871308350469294 54183.73884132317 1.2976010032701224 4.235775024431853 -0.3165149082562668 -0.38433170915085024 1919555355.381243 7.610383099776303 7.755840587552299
14.83001583066991 10.486826869080437 4.347970264620583 0.21451008612890304 3.088833642427191 49776.52529963049 0.5860352689762188 3.452296441468762 -0.5022243383528084 -0.4518826050209414 1933706325.0892334 22.31106829995631 17.214474582529277
24.022474460074122 19.567356746077913 2.4434771712276726 -0.7366631632177352 2.5732372131861427 13593.384928174739 0.6846339383955212 3.461850226170208 0.18641167172345566 0.04587314203609844 1945060486.5745618 125.89437280644111 69.45096424596974
11.12651959300343 10.575757923210684 6.259712189208477 0.8004644485722524 0.864460628252061 87303.41787045206 1.7647178162197394 1.6248952388257987 0.0875029631558996 -0.24131763325592193 1945044112.4535666 9.66196736607089 5.141541958418196
30.68734140297308 29.525320882118407 5.36812133854007 -0.14749625604697633 1.1580805726896628 31777.537225454 1.8642523466193093 1.0964995005949119 -0.4419315704889646 0.18535470385333938 1935635692.7643082 42.26805397640051 13.195893476880807
33.827628410514045 19.057193348779002 0.8345601423726334 0.9020835920710877 1.8864667856650057 14854.26482539346 2.9044749459816828 1.8678030310634173 0.6083009589655041 0.42369174022103573 1945686136.385269 180.70040574528153 93.78006349932939
19.997598091793336 84.63224827619436 1.5165718124367153 -1.2167249886277955 2.4208533031295487 5411.452474760052 0.5153844348190293 3.921194394852264 0.007137147631610053 0.37302983082224 1931986330.3937526 207.87288653026798 98.69050955417599
11.21026385238678 10.142850837190604 0.4624437766294919 0.9204770290808094 1.314487716579788 22623.845131201506 1.7563791753638944 5.950453142197786 0.37436488162100323 -0.34885334031714355 1920118354.4412498 10.697096513608466 3.762062128982467
33.440622572445776 28.21374975684955 2.7430112067387733 0.5694647805724096 1.7559905005554441 57031.32091611286 2.671774339955677 3.8912651066316117 0.004803265198994181 -0.10790120892189614 1947904716.0957978 36.653136375062815 26.121103314293453
23.708825559135413 8.192264986925574 0.6192113784306436 0.18800081586822362 0.864152703164926 5582.031773847513 1.4721135671370584 2.0826028168431185 -0.41486165007737485 0.03214941212498979 1924011572.2336104 43.19246297857883 22.210732624724216
11.243646563867184 7.15013379369382 5.696888774720435 -0.07493379701892386 3.139119672993857 76983.82922284937 2.396780535794967 1.0615507920740266 0.3691401920719031 0.0451154413223862 1939361465.810198 8.532926059194207 10.544907756029652
14.83001583066991 10.486826869080437 3.43832720355515 0.8072601649701273 1.6294089822688294 9860.31690446639 2.9266596580214133 5.8817901545762945 0.6269036503974583 0.11729907628878737 1918618435.6341305 48.3759035898221 30.55079873990094
23.083639815589997 19.758252327540458 0.08566297938182067 0.5009156079811096 0.7309568762518712 27936.25392369019 1.3122917097991242 2.8237995444135984 -0.3792610723208857 0.11056524461335519 1921861032.1111147 18.453084563346348 12.4058872329208
11.12651959300343 10.575757923210684 4.962040279150629 0.5247804073140113 2.945042912481942 23439.72090667773 1.0656357749954983 0.8190725383758816 0.29390637574476797 -0.4354802504632945 1940443805.9217434 9.392341213579467 8.374368282370172
30.68734140297308 29.525320882118407 1.8589926943010442 0.5747522631042495 2.915700207358429 25502.81820811727 2.0399054783173916 0.8935121412676066 0.02119104730009203 0.9095387645627535 1924523176.568991 48.39378469488426 9.518336421312112
31.560812333416244 18.034567771951906 3.493807226858101 0.8128284204796025 0.9775280272858277 65495.67205668895 2.458708483191585 3.6567269803122247 -0.1996462712300928 -0.5619522187481 1934588783.5440505 36.06793605627715 23.144272478960858
19.997598091793336 84.63224827619436 0.6058913567821521 0.5800822773917224 0.497620426982417 15767.996680785618 2.6327295024133517 4.1318511524876325 0.6334570279405467 -0.08619046360443594 1941772618.4196632 58.81302118746303 33.994927333336754
11.21026385238678 10.142850837190604 3.8528139903468634 0.2559821607499494 3.1000588708938075 2556.06829465956 0.7727501791599927 4.53556803016768 -0.13348164453831057 0.14620718194156576 1925258516.7673604 125.21338682161098 93.50165920269279
33.96985651828837 27.518267304798467 4.543422401627858 0.022504456078621234 0.9639081321161047 32596.218787168767 1.8219908538825147 3.745959149470305 -0.443136635740951 -0.12901749272219115 1945033205.8128545 19.072000659968094 19.23514155521041
23.708825559135413 8.192264986925574 0.5358557147773372 0.32888321923047736 1.446390703596228 26562.61052256894 1.487965152120868 3.092499838179864 0.1767364547876971 -0.20705998411125445 1929102549.3654387 7.687774277167804 2.600573100514884
11.243646563867184 7.15013379369382 5.715227428317093 0.659778840529292 0.11975249317240821 9231.353417627277 2.7630865754259766 1.8662365503698228 0.030910573964480912 -0.29492614644059423 1929336171.408094 29.178489904690952 21.843626640947637
14.83001583066991 10.486826869080437 5.018644202285443 -0.6354789906533784 2.990176722273267 155294.05261724273 1.7121346855636868 2.095226307924054 -0.4000829744792965 0.7559221044229992 1938854384.780571 0.5525761714648708 1.9316645414971203
11.2437498439721 10.553550747844351 0.45842699075481896 -1.0556020962472183 0.5330055494164343 111599.87239734341 0.6596248849043255 0.8372044878603753 0.37323799903601057 0.648054097685411 1923039809.673472 20.403431856702685 11.075733408322305
30.68734140297308 29.525320882118407 2.776134166090883 -0.24875502013555914 1.5997720006751137 8046.136588822604 1.737169411064059 4.37572170263804 -0.09661079283875436 -0.6302455646478916 1930373526.3584757 39.113031538857996 38.98599796315942
11.21026385238678 10.142850837190604 1.8766286261432912 0.6253253627264951 0.6068904154192275 37631.878388631194 1.4482264165049286 2.8992331127140876 0.4913709367753928 0.7192186469869568 1929502767.4315498 25.230367014386633 12.620901634199553
45.65910052233153 36.24412229331615 5.33631148403564 1.0792152777816297 2.1027688668649684 8617.031758200412 2.439974832425217 3.5040136923379355 -0.13137368207645858 0.07867880738419496 1941243164.8099928 163.82496039315038 88.08988985429387
23.708825559135413 8.192264986925574 2.258983562202751 0.042047288533985455 0.35642506170645455 1540.6465886894525 1.8696096291508792 3.9675638777776423 0.5806520017344493 -0.2245127258948081 1923308105.783912 166.2539906255175 71.11061478520602
11.243646563867184 7.15013379369382 2.2571552488701614 0.2659664350912969 3.1353676599142974 10728.70073417478 1.2217990260668001 5.970874767701133 -0.22045981636040882 -0.25425067165576304 1932360524.2371857 26.248349309056 9.165988338898341
14.83001583066991 10.486826869080437 1.7511379987184217 -0.831881458018477 2.8383607868732645 26726.707503564616 2.3911332007044654 0.940276532058957 -0.1723737816693175 0.33067363027830704 1930061293.0180695 52.07087414415001 26.32076171081435
34.57593543361932 31.9961161757345 0.14275626365183283 0.8802507536640186 2.763542345685821 39091.80927324193 2.3183410766215076 2.7167755624312595 0.11478384527153927 -0.021545701192892477 1923048805.382808 43.10963765993465 24.609888573084522
11.2437498439721 10.553550747844351 0.2474439932192698 -0.25126299528584123 2.530670264035553 4415.891152470403 2.379509648862094 4.479474863373829 0.011907088568173003 -0.7033764422093711 1918632243.1814437 75.93503293793772 44.13718342492213
19.997598091793336 84.63224827619436 4.205509561858494 -0.9463374053812531 1.434254731542345 9551.46820101088 2.1743585062034794 2.775506259416642 0.0003311345645994558 -0.32763900872098733 1939793818.993295 38.58457370180784 11.139668597108281
11.21026385238678 10.142850837190604 1.7293626903744315 -0.4178441741812006 0.6085657868213182 113807.75837236471 2.2022643551013585 5.589063406658603 -0.016474411120495035 0.19748336785304726 1949339684.827489 9.766952193427215 7.953433713168939
45.65910052233153 36.24412229331615 0.10883692897133676 0.7428042625789435 0.2694062982544231 12282.315207839147 2.974742865810227 4.729210973332677 -0.5770797863808466 0.673185541909555 1931518246.3037918 136.46548168412795 79.47391244116653
42.58093535193598 19.0534305932256 3.814755984101343 -1.1508729485593645 1.4593422523084822 8875.181837705417 2.7935556971008606 2.3192355722988953 0.11030989970321167 -0.034657171042754904 1931491101.3896692 156.20741145054848 70.50520785806518
11.243646563867184 7.15013379369382 2.8983294621172533 -0.7436444242727078 2.5359393374794044 27907.844866483578 1.2945287530135159 3.9322697943708946 0.07299374428656832 0.22569224811951408 1922101043.6573093 8.424353780118835 5.011779001111886
14.83001583066991 10.486826869080437 2.651940580867924 -0.6192006408655731 3.0192864212252943 19215.787023960944 1.7095975412977946 3.062164794432482 -0.2143255486019515 0.19888281562679702 1937341870.5273662 15.039473444443212 13.16080239879636
34.72712767527926 32.32729508741793 0.6795232226866295 0.3555806450774654 0.7221769526950207 10788.143459505718 1.1009539145224152 3.1142535017293724 0.0081566398989852 0.023190107927080483 1936056739.5269384 31.665057838705074 25.178294555135768
11.248904206589012 10.616768116242982 2.6962790065188966 -0.7421932151632222 0.817903431174819 12384.122356697339 0.367611958194583 5.896170402407342 -0.15012528350575216 -0.47719281616735215 1925416398.8000238 88.2578733737765 50.69789982780116
64.39178391745521 31.605881849862858 4.9871238852758175 1.3464267399966556 0.09942635391492227 5464.511646944304 1.8691248741360402 2.830473539429197 0.005197182683985389 0.5426631178405158 1944934063.6613898 156.6187493782143 72.80049391933241
19.997598091793336 84.63224827619436 3.852113979540181 -0.3361224445176709 0.6431817591555077 25708.411854095222 1.7647744656520312 0.5823880668288952 0.1980752594174832 0.003293519979638338 1930147749.5940897 33.341955373930496 13.666191453573962
11.21026385238678 10.142850837190604 2.969643738772435 -0.05276716924083704 2.3752021283462312 8907.247131307338 1.6872847163037918 0.012313358521017021 0.20159132582149228 -0.14249172249375539 1924264956.1193979 39.05546354352924 21.377471812760454
35.97357546018697 17.176664668941754 2.0440051435515385 -0.891805827865158 1.7388305255468741 71157.39861376649 1.6185432269070474 2.4689391985989846 0.02712297183342843 0.6823328271853337 1941469002.4353573 4.260703711978344 5.910233220711829
11.243646563867184 7.15013379369382 4.313860451782724 0.5054892483935152 1.4878987851536989 26526.944705727587 2.5572816493870323 5.902235676174167 -0.1726224416209808 -0.2623421039440766 1941042403.6576278 10.994439614888083 9.063693991608206
13.947521681253187 9.665770279987724 3.3908820573486156 0.03372013185859431 0.6521277710602705 137551.76615840668 0.9440698159216819 2.475408565058827 0.25605621900395537 0.246613189463201 1938081013.6435094 7.994040033209525 8.903311339472921
32.14533826978164 29.015468495018574 0.7940349019686566 -0.6238264342741483 0.501144566799442 15445.12683098455 1.8088421377563786 4.554172798397248 0.22074959770444438 0.10695524579857836 1942165670.06187 46.81638325525335 19.984001107956757
11.248904206589012 10.616768116242982 2.6061559123575826 -0.051787953980427716 2.751893298414772 187518.829489749 1.992552165181776 6.057783832414854 -0.4224455939882549 0.5771133763886315 1941295815.1586332 0.8548922961724649 3.851345663024519
29.34582330210247 25.424351382198566 3.925745344336527 0.9184222336575691 2.3987600219937 13872.743817237664 2.626043544511826 0.39853530068806364 0.1880243677514851 0.14652416793165968 1923211337.5503485 85.1399433741235 44.36922941286418
19.997598091793336 84.63224827619436 2.6182090187444578 -0.441415996412231 0.9526181463030782 5341.020777716797 3.0283993209841396 4.100507949806881 -0.3425753711792059 -0.42535041653659367 1918605701.7890406 285.4919897916394 187.53780441881526
11.21026385238678 10.142850837190604 4.514251804872903 -0.8679860747174866 1.131204689151936 214098.8631871441 0.6790193167667198 4.016148105036534 -0.25427595891946614 0.0735242367390945 1948255664.7577748 12.820309310857349 7.682821056160945
44.241762360102896 40.72882824433272 0.849630035727033 -0.0330318191640258 3.1398690989970683 20989.266645214786 0.9304540812045449 2.761044258533721 0.3308603144267845 -0.058262899619555664 1935668728.3334117 27.516642129682207 32.461621624407925
36.00723143812838 17.175745356608353 0.8925822315851146 -0.048168978230026034 2.133049137778646 6077.868440320612 1.2871181711713156 5.4251524723271185 0.0517625469440971 -0.4401263621528864 1949081312.173246 90.84993447003603 67.55093479208783
28.30556080391504 25.572350655996804 6.20969410928652 0.5544441226221974 1.714725133739479 15904.694292775446 1.7070450994682134 0.5174995745821621 0.30930956561295625 -0.7671209711268705 1944391882.4495823 55.48581433136409 16.58029534603025
12.721854973734 9.879393472367243 1.004862232949021 0.39876536205151064 1.4382349496112097 44114.61517527073 2.48100198289737 2.6581599128326006 0.09425168194384526 -0.291502463986627 1944950492.1892998 20.0809186726319 14.868378202584559
32.14533826978164 29.015468495018574 0.6217359932957324 0.44003112824473767 2.608303404242925 2909.040476344002 1.269119261755085 0.7791196673561891 0.19660911822577234 0.5632847065238702 1934947486.4622836 114.05714680748244 72.83767440786784
11.248904206589012 10.616768116242982 0.7981234962243106 -0.3611095204824394 2.148061525629181 13741.453537982543 1.8594927273748363 1.8680687739180317 -0.042925875586054076 0.04726580253089171 1945076721.7109563 17.192292303542107 10.738109048360295
30.624968286202034 17.322761762008597 5.00192139693987 -0.0011737692993669289 2.1478265288533933 69681.41980418905 0.5282655599859257 4.242946470887172 -0.6405254580808647 0.014978265368541412 1926123420.548105 10.469400424963407 18.761102320139347
19.997598091793336 84.63224827619436 1.672446824694961 0.11378285207812149 0.6415663475001381 41993.80910116665 1.7212603354182634 2.922125366760055 0.037556385516913135 0.5454875349396747 1929572062.0872762 10.07614747204783 8.68691488347798
11.21026385238678 10.142850837190604 6.05279956605527 1.5051481759712324 0.3048691298828427 172830.91914273245 0.46230921105253747 6.119238261620807 0.024871574948480697 0.38678676627523223 1918329310.6441376 18.952544968390374 9.029318449562034
39.12714417760672 36.060797074467466 4.114589049199861 -0.9104594558861663 2.0796235856598395 54897.82635637632 2.144777297427051 3.5568456661529946 0.3390177926553317 0.03307882436770407 1920374248.2604356 53.59469069187844 20.291042523970585
12.721854973734 9.879393472367243 2.5437248838302033 -0.21379952724175022 1.9796752870878291 13622.39326834257 2.1166650482006295 0.5035548970739406 -0.10864655667223679 0.04216231510450439 1918248200.4101062 16.892072487770548 21.85542660661128
32.14533826978164 29.015468495018574 2.3449567788784553 -0.7459349773620717 1.8092189018009612 13028.431824668034 0.5126607605155333 2.760842400196413 -0.3192130710136916 -0.4889452293503902 1941578154.6816926 35.15359641979746 18.589126291776207
11.248904206589012 10.616768116242982 1.631381367685704 0.5051302263797114 0.29840031162837133 61617.12978131785 2.242233386737904 1.3694510176928685 -0.1210738649478009 0.04177565966303315 1934837578.4433272 24.88634725213396 15.052651324658935
40.28008556051908 21.336957086481622 2.0852694368371654 -0.9686736111083658 2.6121401449366712 37745.384523436325 1.6634019809778107 4.158544520124228 0.7315930961769095 -0.2703966051621626 1922620581.691785 10.252904384235205 2.365040153775272
40.71638949426442 22.260263736781916 4.871878790897837 0.9623765002948027 1.765302791939274 3608.5464992024795 2.388560629355505 2.6450027081484553 -0.6741750135368991 0.19560543540210484 1918630438.90415 189.1663691465134 99.63181030896541
11.21026385238678 10.142850837190604 4.91695391861434 0.3687093785260665 2.041360499676064 22316.351796848016 0.7904309188500661 5.19309803713094 -0.1014423943603303 0.20238277818231704 1938162671.1399536 45.67401536127187 23.98852661044599
39.12714417760672 36.060797074467466 0.9958017622094502 0.908015033896313 1.9686478553804554 31812.46749376076 2.325147290767104 5.161053293314478 0.41014970349190044 0.12996424054061828 1939210188.893281 93.01786452992674 57.08975112142151
33.96686762952247 17.144717492959813 2.412276581282898 -0.5715905735642448 0.8819178148213824 44069.212580470085 2.5535804167280785 2.6677362119171226 -0.002761914632276066 0.2404112602836476 1938014492.1698167 39.13845717747932 7.017459489884257
31.993487805252546 24.798627557004735 3.9317486915964825 -1.0574816298643652 0.9798749411760966 27728.63101123216 2.8928755206966366 1.6635391305228944 -0.14245058111541847 0.14069082890548884 1937169146.3276248 102.4070096215179 41.717082650824004
18.664494674167084 12.507586882951163 2.843257074814141 -0.697852817831776 1.0339263630103972 16343.714383333598 1.976377625355084 4.431384212977563 0.15150557710913987 -0.5031975847067138 1928880503.5928867 47.55495615603738 16.376842360916672
11.082673918904424 10.699984746368624 6.194092751912614 -0.22383562626711462 1.6927443036999925 40570.10553208913 1.005421857753245 0.7396933729435462 -0.4066813475609425 0.008766445293973954 1942592882.0254688 8.949825347533142 10.170039294034229
40.28008556051908 21.336957086481622 5.107366339687957 -0.38933977475328857 3.025346505159012 30856.03982319764 2.608638029459357 3.8715250856902776 -0.02963999936574698 -0.30190764939495024 1947701609.794974 44.20685758375992 1.2059304827049069
30.768519221030342 17.860715990424 1.0835949607221995 -0.17226098982368426 0.7798391732601011 42566.11976400013 2.223107402620463 3.2774614619998075 -0.1050813370632783 -0.09877693814938751 1925647005.3340092 36.663350453801215 28.58597707307164
19.997598091793336 84.63224827619436 4.119136476154027 -0.13574987771335273 2.208255534298914 28942.3988453985 2.1837022612581825 6.247374398981457 0.06173700005192443 -0.3087783986774081 1927334195.1130395 56.9254117399085 34.59807375702611
11.21026385238678 10.142850837190604 2.7436522002420514 0.20274518810177117 0.4525494688266729 22713.733183627708 1.221437228555876 5.872320569045026 -0.05637477880165036 0.05950263974836607 1935659783.826721 14.065388471510527 13.80759991195241
31.91529502709252 15.78238785585608 3.3115901172569377 0.5596119646552271 0.5919153406092174 5614.791010743409 2.5796549174209438 1.8527757551197919 -0.08126025901792827 0.1591266049561334 1933288118.0163405 127.04697432033137 85.58286242028821
35.69586541031229 23.251984217400622 0.10589791462229728 -0.8237507740276391 2.860351099032754 10789.767229256624 0.37635320035976294 5.388015759834478 -0.12466702289365697 0.026303773640730353 1924748713.7360628 71.3536688429497 34.504282902252875
15.910158452375974 11.633817569720021 3.4742033075273713 -0.13911260386145105 0.14566717456239067 10899.388334838524 1.4117489228176088 0.6180457958305602 0.025412460906101598 -0.14227071397340424 1924715515.5093668 16.877732300379115 9.574231338704799
21.364250162339665 19.623546490601814 2.7621093521169104 0.4503571616870659 2.591545551760598 2331.8805886715227 0.9162085074986129 2.972993081382776 0.004208491511320257 0.18033182869053946 1939207354.8870122 116.16803397436838 89.56144988714972
11.034142202061252 10.91190322916724 2.1716920900844725 0.691075600877892 0.9466309733500299 14954.793635742373 2.6482022056294796 0.7442904404722549 0.024065074696481545 -0.07557214942018829 1942329482.0391963 57.914441859197844 40.927006327034086
40.28008556051908 21.336957086481622 2.4688052668573133 -0.016521592807573766 0.9015143173805974 11185.241486671419 2.1784349022372202 0.5206874224778664 0.2766686182704074 -0.019612290586591995 1928695595.1254134 100.54531723749146 55.85324095786299
36.59220816656365 20.436302208586547 5.988741261745138 0.9314096834181669 0.5242947989959016 69827.86804995555 1.3911132747051567 4.505066603418715 0.6552365321472797 -0.0009455907968412068 1946364356.3856947 43.423079896779825 20.308446240537762
11.21026385238678 10.142850837190604 3.9602685908729653 1.0037097577764418 0.7483973604027367 222716.57492853823 1.7557213580115085 3.0768943479890187 -0.15402261558084374 0.3885170797783188 1938821750.10766 6.668804709378779 2.788524244033946
39.282020965357894 33.09636887593861 0.414855488356645 0.6928165649912251 0.10574249901074179 18312.876036067755 1.1750381007316015 2.5179406451164983 -0.37727138400381927 0.07566293886055755 1923157025.7083812 24.249519350107946 12.025727745778779
32.45767452701823 16.322100196893153 3.0338308333094317 0.06939277292078909 0.7977605882460872 27268.68246734274 1.798011848461562 3.854855493802313 0.12015372564301093 0.9080318282464326 1941627523.8555727 37.93084622797114 20.739505276344943
35.51170066370792 23.830501040407448 5.505267554350867 -0.16056094698353837 1.870571950808917 59853.03141422592 2.2584423113457297 2.3838863969850936 -0.5447986021185274 -0.003682419646338568 1944338708.2750137 36.54260920380407 16.551755205285264
18.886768499197043 12.4053621258073 3.998799079789298 0.059247576543593035 2.228548053441637 20040.393386438383 1.8012298755171625 1.7296711242775156 -0.06224050211795179 -0.7684343363028093 1939614929.076812 32.04202381168415 15.829109257718565
21.955827241336344 21.347116229062806 3.317589302358515 -1.147002741139909 0.5412836486576469 12948.453160152589 0.4805917490413678 0.9265016826174536 0.07693655886959698 -0.11247527706027349 1946792294.398428 133.8044352408338 70.28983157098467
11.034142202061252 10.91190322916724 3.925647090052156 0.175168958246562 0.6305066064752437 22425.75360347758 1.9023009586403203 0.7607690915338101 -0.007358609199314667 0.3840403715846869 1921073458.3265305 13.754823643196731 12.208035252352625
44.49267430947726 22.838582937572696 5.134181817727386 1.0052449493188413 0.4640120522773508 40513.41913796612 1.988767240561402 1.6440850931818234 0.051166269931294285 -0.22006401001435372 1924680662.565151 14.975871053706108 4.996858010878893
36.59220816656365 20.436302208586547 0.25258325274861376 0.4995357855514457 0.5396385092693763 13221.731973270413 2.3519266868538424 1.2302395218695992 0.2623605228696784 -0.14506721761111374 1919559067.7546334 101.18721176352543 75.33698498512818
11.21026385238678 10.142850837190604 4.202811915088144 0.2124592184886322 0.8739196588456424 65952.30272233761 1.4914884129295571 4.117500079628098 0.1871074022094006 0.586019451957795 1944090051.077631 15.555395350980952 9.723246897844659
39.282020965357894 33.09636887593861 2.9517622803396324 0.5377997547249738 3.1221406239358664 22234.2966709962 0.6299960823595816 3.9061534154003725 0.14840226695223752 -0.1417280787949387 1944357980.875127 61.52287886356519 19.29076278531087
30.042903505490614 15.71228540723767 1.783532547029998 -1.0905206894829567 2.4474342455053413 43391.60761100465 1.2082324911633349 0.9080609297128879 0.3779090684726308 0.4104953797699411 1918379757.5132422 14.611284663918612 7.253951542607029
24.538348720833397 13.480213066460928 5.4050786068367085 -0.7285020383324559 2.1600121711063975 4365.564288961192 1.9514308188952656 0.9138110298617138 0.02378997878837286 -0.28081113584019035 1933808336.0630012 137.927299009295 86.63403460928157
21.955827241336344 21.347116229062806 5.98705638267052 -0.5057123169414782 0.53552622888206 33915.6524559458 2.2740005532099175 2.6263861171026948 0.382221308933211 -0.02605212096260168 1934611000.101284 47.92119911874153 15.17447887850479
11.034142202061252 10.91190322916724 3.8750045393654684 0.3973059626373238 1.9721846059932373 9259.021686886666 0.9185920300862964 3.046467441179507 -0.40776018318391477 -0.17625669847132322 1932946089.2757506 36.44190207202644 23.304952279809118
36.59220816656365 20.436302208586547 1.7797223528173718 0.7569887216671384 1.256058152397325 32900.568673190246 2.037665688262171 0.7473420797179369 -0.5001360540837608 0.026089086466908364 1941565994.1490629 51.35973871023794 25.59592282985948
19.997598091793336 84.63224827619436 2.7114262947822585 -0.8199255150062884 1.6177163836743178 10347.880486712003 2.6501968953099295 1.9421624197057745 -0.030214741328781238 0.01998405987337359 1946648629.5361965 106.73591216012322 61.17323597238229
11.21026385238678 10.142850837190604 4.210097667456466 0.5133814212308588 2.000231300411517 31706.97864772356 1.7713858090500132 5.050069637778034 -0.12649752627301425 0.8594109076334453 1938408963.366638 19.22781845216219 9.258588129062389
39.282020965357894 33.09636887593861 3.2188714239745835 0.3491264867812138 1.6173719002667284 6829.244221518868 2.0809579718593945 1.0260457100654432 0.816034955463942 0.009644839940515642 1930044342.93841 168.56171764523003 74.20499256643407
30.463327289664285 16.503343880955484 3.5292251731389106 -1.2555806549700463 1.718640754425301 23515.93913752934 2.2984291206125773 5.127621990858038 -0.123859121262581 0.6120975690916101 1947301773.0289977 62.381126453224915 33.462287126058186
37.35313510483017 27.298806717038083 2.5307503501244124 0.05339063473859307 0.9297545117348007 74296.01725876286 1.4990062152989014 3.2940405717286114 0.1565335834681395 -0.014517114423622676 1933655132.691426 26.158231008383062 15.143873190077882
23.609773946816183 13.857604058170951 4.8836000339879225e-05 -0.3038292371678506 2.4138488966666265 3466.952387860904 1.6700511236155016 2.9329839180126043 -0.3552169005240596 0.0009545739727660225 1938613848.855967 73.4587761968767 45.75141217305436
21.955827241336344 21.347116229062806 3.7988385323435003 1.1603050991000143 3.028564166872011 50145.90564592118 0.6597140149568971 3.4926318737731683 -0.1425041258579255 0.29249206394327276 1942569521.1748967 38.24413805326019 18.704554594819577
36.54599182841864 19.807283507010375 1.8349097686123572 1.474445133853073 1.6187220827393922 30200.709193267918 0.7335501302406621 3.272918810093557 0.016327897530201328 0.06381062273855544 1935213342.1997488 61.057645178917774 28.820555052223735
34.27364734861616 9.523596855751698 0.9707438460481798 -1.1083843457068125 2.585164769044519 119176.04457557488 1.4457705299943817 4.227633091360187 -0.3492651282620928 -0.9291147657630766 1935212332.4730487 3.585950044830224 2.1220255437082027
11.21026385238678 10.142850837190604 2.4822851817683573 0.8443231425909533 1.9640207606221252 12156.956892567621 1.2698485455583537 1.252079399874469 0.1885015633483454 0.39342334313005 1919164718.2709334 29.979098519976557 17.120529990712594
39.282020965357894 33.09636887593861 2.4474281721979985 -0.4767237170022083 2.5661104744516625 8415.127178451921 1.2093158361318677 3.9749558024881515 0.5940765690729514 -0.015133474239464501 1926254953.3394165 93.52097139222906 65.80705811403672
39.16147262120311 19.376886216446373 2.552650864524326 0.11759682271539434 2.321712081827087 91984.77867270888 2.1225305728565207 5.155112792419165 0.0020657959278602878 0.08008208018620816 1944081571.7450547 29.88468339677065 13.656700144458428
37.35313510483017 27.298806717038083 3.2469892108970853 -0.7605457282413608 1.8175370883370816 5371.651557252749 1.526282557400885 4.39467069386139 0.35489334947569307 -0.7340740298347944 1921105131.613633 101.56355984801857 84.6442100570027
12.276892405379684 8.645337766714214 3.746359294971303 -0.3142672357317591 2.3990589368336668 42800.60198442493 1.594229394329106 4.90658262581496 -0.05800307172346769 0.0895037221731163 1948101368.058222 20.108396322867247 9.52703190063444
29.117971065130448 28.190244928381038 2.9273317058063126 -0.4366209596111826 1.9039865694742593 10518.653270441493 0.9498502492486464 4.941042382212356 0.13978002717091717 -0.014025424714770486 1946399041.817935 65.30720429328426 48.59223419639389
11.034142202061252 10.91190322916724 0.8977774833338673 -0.810074878613243 1.6163227488156326 101685.88611846788 2.4081451671384353 0.5403303561177503 -0.35839881995027484 0.23620364170849234 1945204245.170863 24.133050224461485 14.922677560212973
11.609275388587566 10.075970731311754 2.9614179354475754 -1.1636659487418877 0.12384282968199498 82601.77583254779 2.456431170655292 0.3207635492806264 0.48112606607802877 -0.026313764072992983 1929404864.9677649 24.923015449090858 10.690731832046513
41.89402748163384 24.88540017352291 5.0819122545072455 0.6327040645589832 2.221710060681449 50041.64640376512 2.1442094001661274 5.195793322688951 0.1154807088820998 0.35502859575595463 1927814762.6529584 54.83676778505031 35.28015068120021
37.465836970468025 28.797714187555854 0.1244106986919153 1.1910813587751985 1.513745738759837 18928.408390455763 1.1062868764594769 0.6967873165260496 0.045335858410957094 0.1977348028654511 1933608533.9235525 94.20590247097078 46.67289966162551
12.276892405379684 8.645337766714214 1.3772746014872292 0.09328455465875492 1.1362409929539585 13624.979647259359 1.7784970574389074 5.360441025130582 -0.38944939627359587 -0.3200653669512058 1925932613.2623482 23.219227805924547 6.446657944957522
30.244817143400255 21.536394024465583 5.647096265054699 0.7970714683093982 2.992116423068763 33583.41055389041 2.8276697544224256 2.3680224283915234 -0.11590113761995906 -0.3200268436366639 1939963284.740066 71.8709043770992 47.80533297670648
11.034142202061252 10.91190322916724 0.9292460327127858 -0.059024755463302964 0.16890277279578528 77161.40567464795 2.537117577608474 0.04861097496294834 -0.11806704430176825 0.10918374628335958 1933430043.275804 5.488951031101519 7.2216092308196265
36.37036901079183 14.228256094042528 2.5513884628078323 -0.49650143404338254 2.4791054746353733 112599.44119886207 2.46889546302643 2.6895991961921815 0.5985288930416935 0.5500286222819794 1934063333.3874383 22.993999112072526 16.20605574956176
27.513987602400455 7.410110874324607 1.221291843481265 0.12564039137630972 0.45412038450719233 29472.134915685885 1.922367069299273 0.34054325741937874 -0.1828543771691373 -0.10187006960063599 1940423688.1729453 12.193461817798267 10.975653642996713
19.997598091793336 84.63224827619436 3.0070196682468606 -0.6739664011850869 0.5063814187779294 24493.512164026946 1.0654314783483152 6.022074553291025 0.11509152278940486 -0.1290442325157232 1926708439.5478415 66.03280079119881 42.32147685435277
11.949742613901934 9.581115583386909 4.587962016809307 -0.6286646264960016 1.5702295694259376 18500.50721078808 1.2751197325883021 4.443567265770852 -0.23043924112609485 0.011176824162947996 1940924801.07786 12.332392193963098 5.930028988501949
39.282020965357894 33.09636887593861 3.6762496034013115 -0.16281552169547286 2.225675996350487 51161.038965284075 2.068862695853519 3.2217837642830833 -0.7073957697996841 -0.08693091574163683 1920487758.9316378 36.32910945325469 18.468285204657974
60.92878265710617 34.19351215194809 1.0791924896275364 -0.878124376291416 2.323164485506643 10900.7487783515 1.3185236853926297 1.6283939650529853 -0.040909387982523276 0.28642088572349966 1937537023.0683348 73.22835592228635 50.71371555927166
12.276892405379684 8.645337766714214 5.515859338689438 -1.206449241994524 1.9051313891040615 2611.7339841565276 0.5692301626784095 0.05447342964949542 -0.005354430967593942 -0.09109508732113802 1935032075.3192577 212.01689620824487 95.68367721915692
29.281652885776133 22.685504732651943 1.4256646391511891 0.36257585431818706 1.5655989346754926 47609.54613144169 2.3260986298093407 6.221564153699483 0.05685792450961946 -0.014104457686657424 1920407492.2150376 24.03991304519053 18.741340567212124
11.20545359769288 10.662909141856119 4.881514298839205 0.34283991050375184 1.1035178368014997 9379.70853426018 1.007318342609781 4.728553139678055 0.05255221271060437 0.34682207503639756 1922198686.7367275 27.585468445421466 26.413748646968834
36.37036901079183 14.228256094042528 2.2396277995135936 0.68846032375267 2.215017087170753 13148.93190033836 1.9305675051179823 1.9716415414574935 0.3334766822287059 -0.5297014562917192 1945809438.0624418 35.896758202146266 9.219057081202992
27.513987602400455 7.410110874324607 3.9096516759678575 -1.2369472054534607 0.1571738579104646 9965.005175260787 1.5498373736339055 0.35233701569857906 -0.12026571592523182 0.5323869292760024 1940814126.3435464 29.607766246670735 11.966989210300914
11.949742613901934 9.581115583386909 2.886101830936721 -0.15950957534243942 1.941508118845145 142757.30520896555 2.2008760311867017 3.3075809632674833 0.5284137413320256 0.5208090345278178 1942978260.1463823 6.244690533489454 6.774567388107425
41.191451074395864 27.993589266314288 1.2880553869822045 0.17317225646918988 3.0717898339911933 4181.942784557806 0.9705444353439207 2.5301969447874013 0.24913672104467252 0.06201606723346884 1945547616.429497 89.62773921343977 116.18130458160898
60.92878265710617 34.19351215194809 3.0133998021264508 0.19989987836670658 0.5456634831467783 40789.13398211288 2.1664118622283484 0.8320879719253576 0.050251478463876946 0.11298502758578594 1944531195.9696114 14.242418593668889 14.924883819984437
21.290268776841742 19.77955691746095 1.062803373173863 0.3806222835870973 1.2018470148313432 73084.73224501537 0.8105641031470463 5.540951185764624 -0.026570715169281802 0.26005036537633536 1935448578.7216206 31.602211854455913 9.803356597694725
10.995485413234631 10.968089286240529 5.974958118122347 -0.27412119145786173 1.7785521128338408 37585.33584516722 1.0601475632740482 2.4566443462866814 0.07105809446173969 -0.16296133946701202 1947641563.1786547 13.81489603356283 12.059631809588359
36.044120865848264 14.348354871077618 6.035096578974404 0.9910366017378739 2.507598266858516 57623.812260675484 1.4342154859503076 1.1274649035415676 0.6839116463932543 -0.04685704186161253 1949613748.4467847 24.91942958381772 10.038163123351
19.997598091793336 84.63224827619436 5.150803686832629 0.729336830199179 0.5436944416211429 26108.09491939786 2.103413603250944 4.177284170696341 0.022313170496312065 0.006498016925312569 1946981150.971208 41.48408678012192 23.78452470613384
9.798616401672572 9.378546955644367 2.7528902030454048 0.12360096769211477 2.0402517449504454 111581.5042581509 1.6471379464675024 1.4973437322796177 0.02343735891290888 -0.038977404867068355 1928044046.3376129 3.5547564921005104 1.391100324726287
41.191451074395864 27.993589266314288 0.4287860257148764 0.9421998151952179 1.7724666473188864 45218.46688687905 1.5553775110309238 6.077417965313983 0.11308492480338328 0.14832525278235012 1933040998.028277 10.942526058830712 11.873069011510756
60.92878265710617 34.19351215194809 5.243130859381998 0.41585504586294386 1.220896260394404 41403.11029713992 2.090981155592159 2.2953451985501667 0.03415596418331597 -0.3931599574387243 1948149525.6420343 67.03479461304033 48.45771105777919
32.9071436242873 25.649587447646063 1.906841889205882 -0.5339907688142318 2.107917853883213 14457.113787094448 1.3697144629979077 2.067950080147989 0.6644896644930239 0.3088236042175059 1930544305.0166104 38.01072310215759 17.532280802851123
12.276892405379684 8.645337766714214 5.895455840683019 -0.43489999100956944 2.505127605007401 74200.35719502969 0.6981963354518388 1.9188563176523612 -0.11046790884678166 0.034589809434212186 1933121981.038311 21.22527263651815 15.978496607640722
21.036309709683103 19.687208484911885 3.8913640721194467 0.5360240104713746 1.031979078954704 13307.621062582608 0.32540303531596787 0.9385243900752063 0.003938643741255722 0.0394030340130564 1930146394.5364604 99.9329769291575 25.707239839250807
10.861072436469547 10.789577590904134 4.77766267403135 -0.683075408457645 2.465132283933128 11221.063221876173 1.6268575920230637 4.817780436718972 -0.013190282286569812 -0.37468698649867094 1920757202.9782577 3.4829547797950378 5.3288145231645725
35.96457636055623 14.137487610655793 1.9774648382573994 -0.746959666852088 0.2559405648371296 9343.736296237152 2.2845986086774794 2.322518381110699 0.42668316030950343 -0.32663332032845693 1936552341.476428 71.62078019817068 37.2378665313695
32.655066672678814 11.530907770245278 0.0367573640931118 -1.37995797026928 2.179590609131406 4629.5862808075035 1.325162084031148 1.6968723777751529 0.4447285071232858 0.9467581764546902 1943645640.1281612 116.62251296171925 63.87956589829264
9.798616401672572 9.378546955644367 3.1673458126908343 -1.1523902215504476 1.5432483337004468 8760.580811684244 1.7586302316358793 5.265001738714757 0.2704138628533399 -0.7348434390963174 1942079616.7272692 19.42007186243669 6.452816169597005
60.92878265710617 34.19351215194809 1.7150419185592891 -0.6530578313481947 0.029515160641958405 18724.651214897847 0.8224274807026684 2.1807871525487075 0.0008175764839899731 -0.07847686777092444 1928067328.6909394 133.93612709788036 90.2205959796523
12.063783963035345 8.96808756469705 2.5086233735089274 -0.39066223157132707 1.06836643136188 28430.318187419914 0.6524125748515489 0.78615677754268 0.17541750293256184 0.41600657786283357 1945533809.102461 23.571139442325993 17.46937559544854
21.036309709683103 19.687208484911885 2.151717305967317 0.6768023137827917 0.5040687255590883 15716.110520738963 1.4085494111136547 0.42860022292531536 -0.0031815168166577446 -0.10255023094874656 1933658906.5557387 25.24791297288921 3.718909672653067
35.96457636055623 14.137487610655793 1.7754803985937448 -0.7671807305538517 2.0325356894518274 19949.725061499357 1.6852276002204434 2.24773583619845 0.1497741800950185 0.3575491323875868 1933554567.939353 3.5343237761599644 1.8940234889379184
26.64420516558247 10.964873122849545 0.640838812562645 -0.9692716460232771 0.9310313787044822 50708.046210237815 1.9068520362293777 0.46930723040260075 -0.74639967231599 -0.013597864950923619 1944223505.0951977 6.315701949365608 1.4019989353090003
9.798616401672572 9.378546955644367 6.1084198239137555 -0.8163918676767631 0.3098163620222893 10367.442577846166 1.0448963907539892 3.897204739635475 0.704676115385392 0.25815635836385187 1938254311.9308467 24.984864030134382 16.0493316142073
60.92878265710617 34.19351215194809 1.2474469372238883 -0.5273093250473967 2.174303724148086 6458.751254652539 1.5283301964190408 4.434078289659767 0.051228310861453116 0.022840709808264 1937631583.0796394 194.99760836042344 117.42879571740731
32.9071436242873 25.649587447646063 4.063781164070943 0.747545486514707 3.062105403886773 19663.19901201297 0.726517630758988 0.6251513660018937 0.07524056112003291 0.1791772615759528 1941814795.2841268 11.536650260468182 9.15269833648707
21.036309709683103 19.687208484911885 5.886990643115979 -0.9686390965318378 0.40583593089265624 13989.301689882512 0.4602757655787522 0.9896846315352474 0.026696810988961244 -0.2128252709472588 1920123615.1098604 128.8196587084205 63.05810065505442
10.861072436469547 10.789577590904134 0.2995688635805298 -0.35232846157821185 1.8274500518108001 60685.72821582332 2.6425296752314646 2.6800542760984767 0.14853882831646967 0.011802714327418324 1929487102.8151846 16.33375844284588 10.454502739934
35.96457636055623 14.137487610655793 1.4752352490047989 0.3403423732389916 0.39835450569503794 7712.9164635235065 2.3020204430106 2.336156529595397 0.1794301949628782 0.19482945515095645 1923587701.7411592 88.37524682220172 65.0089794369375
26.64420516558247 10.964873122849545 5.936394753472005 -0.046778668460021225 2.284454863492552 47359.31414179146 1.9495783501435977 4.424512522935086 0.08355859210243109 -0.31620520416803893 1918848616.898833 9.457291040455022 5.537403817492549
19.997598091793336 84.63224827619436 2.65544485302288 0.3381973140228786 1.9742206225420305 15668.452343927589 0.3279288551851384 1.2969897937188761 -0.20922077320834684 -0.8425058905755508 1918347396.291286 70.16153183880566 51.06784775135328
9.798616401672572 9.378546955644367 2.1866238974505254 -0.7511682532506295 0.893962492247852 12036.23915385361 2.216644765526852 4.311515295362514 -0.26979782654917084 -0.8176560030544119 1949014952.326367 49.30360290952551 30.326635661774446
60.92878265710617 34.19351215194809 1.6429059419348997 0.7153167075764303 0.8891068516649132 2604.8876949793685 0.6752818262742702 3.470584168932464 -0.22612724769916098 -0.020731141787482307 1936151743.421071 398.80112611997936 113.20250058298967
32.9071436242873 25.649587447646063 1.5087930995043295 -0.5236996441785948 0.9212053310789531 16831.316402593817 1.471741806320254 4.268759762346014 -0.1077980986337678 -0.40629281896243835 1919266254.824259 41.330155213844264 22.906599549526515
12.063783963035345 8.96808756469705 3.2421756529888284 0.8383930916628922 0.9842996062008608 19748.93905653209 2.333350446368969 1.025860393812021 0.022184806951515534 0.04747381771336832 1937758784.1209958 17.489679169992385 8.276684722553464
18.582754739721384 17.43649145290692 1.89442519610193 0.8022116557130387 1.939095623727309 12778.985302804962 2.9387579356675304 0.8520417679156487 0.18105202714891283 -0.56767818993409 1931597947.7139926 73.3270353168276 39.54679523288253
10.861072436469547 10.789577590904134 2.6719259122523127 0.6702269080173076 0.8388760142998347 48314.206646236926 1.9536231832238278 5.609530604620611 0.0032560909699240826 0.6194026545703816 1925061962.9049594 13.932074756740102 7.35010507443981
21.80959172192664 10.50960415472515 0.5560617551576644 0.5489482101987871 0.3393352857473711 103894.45412357223 1.7520146863566108 2.0514244989815458 -0.5054134373734739 0.3074341629324252 1925560495.35066 6.905232054353756 5.166128573560093
19.997598091793336 84.63224827619436 2.80993229261543 -0.7022457239376421 0.5143006100902866 10310.51198600536 1.473318207299971 6.151891968781496 -0.43162721343363936 -0.632388107481327 1935750956.108439 54.373063933296464 40.36242921021922
9.94482115919298 9.352053941728292 0.6996940270489826 -1.0881137733407344 0.6206400184277342 12060.794157326302 2.071783578223173 1.7354303607348038 -0.15367326637647735 -0.005966309179301993 1944454360.3960035 38.439954635817415 17.101590747970302
24.01762830044884 16.940510479930815 0.8565746054966552 -1.3530518599801378 0.5778004586823126 14804.326170690296 1.201781986309706 4.133296388536937 -0.2316344230870225 0.7184370180834411 1947050469.5815866 44.08910308392041 18.090597607946208
53.828965964111205 31.383997750360688 5.118790425032504 1.0839666097612854 1.1033857150948767 3075.7782470708835 0.10667832473485711 2.222193040727367 -0.486033249834691 -0.8073954376511954 1945830287.609744 587.7964066792233 295.4989821705314
18.582754739721384 17.43649145290692 5.243537719771651 -0.6083213962743478 0.1843649239863752 55055.912838715165 1.1603569893891579 1.8326006379496143 -0.688422686925212 -0.02847442172836956 1938571256.7455487 18.290812019788007 3.8509613053434184
32.95387184911712 27.42985203904435 5.170464569714409 0.3805667108572462 0.548885096027553 36816.80322443789 1.0623068142529632 0.4720484236228504 0.1318164487463161 -0.526772393375915 1946511437.5166667 41.72784734893909 31.249275979072276
21.80959172192664 10.50960415472515 1.3983478927036894 -0.9528540513644493 2.2906691500884673 2265.845121288655 0.8452510467212854 2.8077005744585177 -0.011812900018596188 -0.07495099979074465 1936241224.6170025 216.45242144059657 127.24187267018567
19.997598091793336 84.63224827619436 4.019614595560183 0.28421586811533156 1.9469004732994646 24235.35473609119 2.1266047969804314 5.407764492828892 0.06672513045131463 -0.056046954313200205 1923384927.139963 36.65743203783043 24.147232772343752
9.363959394508466 8.440729129043792 0.03429571653224581 0.28994256787320105 2.7932228910251444 28404.76283741571 2.3308644844652213 5.463168850888011 -0.07382312492531416 0.628687145511398 1945855572.2059784 30.471515056813644 14.150358233953758
28.783381041552815 19.704859567643105 3.4615965175373593 0.7377343984366359 1.0091932619868065 85652.91498708476 2.6040194442370828 4.555482876104521 -0.0063944129738592315 -0.17745083109317367 1940475197.2494738 50.81755189425869 19.919756508252014
53.828965964111205 31.383997750360688 0.9542541048500212 0.5428623893361149 0.8476967077073176 27824.089868066065 0.48854863884056915 3.838337931644042 -0.08339796190311818 0.4780246324694696 1919330216.5392559 130.96529517587638 52.487349531059095
34.63608265297789 26.482672693301183 6.22484654989923 -0.6741198725704686 0.3494527430368645 66359.8063086448 1.7032519254497407 3.5791302870255666 -0.1131524373115205 -0.02788027343805585 1926181057.0971885 22.136646907878138 5.42979775766427
12.063783963035345 8.96808756469705 2.313895226507397 0.3296780774358074 0.9593786858306609 19470.792838406323 1.533647528567485 1.404255578682462 -0.39930394066692604 0.23255017589160126 1943111960.4995747 19.51516919479834 14.451020406561186
18.426848814022435 17.32807788135468 4.8088492803501275 0.08364063887157547 2.9859586711666575 12605.8500809907 0.23433517540887422 2.913505495991926 0.3851692459275505 -0.16800052986350567 1924023686.1429796 107.24776914460703 73.47770025660128
10.467433171707825 10.171989636188126 0.6358545914023309 -1.2582628254822412 3.065137589834966 30683.99016403061 0.7210682224897609 3.877306238519681 0.7022672975048291 -0.17293970075386716 1945675347.8876896 26.69226567288812 12.720182512793643
37.26927107811887 30.43068629850208 5.034255125106554 -0.6150533292901446 0.6461746409066789 5457.8356574762165 2.1775833630433508 4.653217738483455 0.5231769286294972 0.6545459521927012 1941491995.899315 194.70925998810304 58.55751551729172
19.997598091793336 84.63224827619436 3.4043902203996805 0.950612972666571 2.6855544390894606 47175.79712157681 1.9607100079231585 5.4811935886491945 -0.048107861025913023 0.5156326251181439 1932553354.9083018 38.832406673646894 15.321725095177042
8.89942091223119 7.9851883726953865 3.914280826468163 -0.6065377095862238 2.5098642045216186 10934.941021419418 2.587271131600657 6.072585040710413 0.013227578748309413 0.12415360411865535 1936597023.6116755 11.384939740860803 12.804996230732081
30.349566725427046 21.518605524665475 5.188040452806947 -0.4615217994165609 1.784559268946734 16488.05273597112 2.031355221389308 4.198850005264457 0.03131330436278808 -0.36278437043090944 1924696013.5438852 42.87902916107335 4.345514942374472
36.51781295278516 28.661840054248653 1.9246157074408095 -0.3303748404246516 0.9147070466722983 34516.988024388666 1.1603969398997724 1.4042554602601693 0.4931667493987826 0.16241196982348294 1927395152.6761394 70.48091135344116 34.75985057289703
12.063783963035345 8.96808756469705 0.11114412453470969 -0.9329432703887526 0.9253088157359786 14745.048994536184 1.4929931422464489 0.3333738621473964 -0.02580605796313734 0.022848333640670293 1940574173.3742657 21.644368776095558 12.009347192317337
18.67403553880734 17.652839403357326 4.438014383269297 -0.4670955017235404 1.74907066527227 119426.97035005162 2.4040062173836656 1.0799603623541758 0.23888513998173114 -0.11972631884024942 1941219483.7987537 32.14110406363219 13.853957308437202
10.467433171707825 10.171989636188126 4.206717945671738 -0.9239107349648845 1.0152764451766705 22340.522824493997 2.495348132693167 2.154094680812585 -0.3320280407607017 0.3217221290984939 1943316646.711328 17.943779753847778 9.922968330225155
18.4783459825262 10.410445169999575 1.5408742795572126 0.31007894724176144 1.8090719997711449 22972.199352657142 2.009251004071194 5.641028249099765 -0.011561816051400357 0.04450607544185429 1936366772.6613872 16.46446940662807 16.092043485439852
8.89942091223119 7.9851883726953865 2.774024260417565 0.849690578595048 1.3817932927628112 262602.27641492325 0.7244643048808092 1.0693579961706832 0.04820834819085672 0.23724322069344722 1938608469.886728 1.840558297359234 0.21256611173997791
30.451817506491572 21.637018649410308 2.0833295607377775 -1.1072923008071258 2.7449830165259628 32778.18799078701 1.06289661062407 3.5570819146045523 -0.013678828461807844 0.07351577562637175 1944599057.1364036 30.357570044811375 16.44710627103915
58.56575557862114 37.65853418905249 3.5457610424495734 0.7033305828527111 2.0516808492985974 15861.73195797397 1.3841459455620473 2.9046032181070474 -0.11007207200989817 0.17152261424238355 1938199309.2467353 42.539203050072416 37.1223118416982
36.51781295278516 28.661840054248653 0.12078393832074666 1.2904897990998017 0.30904123903441166 17272.639877707064 2.126401960558674 2.5840056607392228 0.055715593596565825 0.06550626789254718 1938606458.1398907 88.27947330088854 43.66875641549967
12.063783963035345 8.96808756469705 2.1581361575012292 1.2586838614503597 1.4857999305424876 67673.17519381917 1.0724973940269955 1.5101616383070606 -0.0567332005495018 -0.04250443970613484 1939880074.064679 13.212632688870432 6.437978531081121
10.467433171707825 10.171989636188126 4.360112994387953 0.8160050737169071 0.4358695185734985 1755.4070643136545 2.1800832717198624 0.13855799826616363 -0.20704731917045424 -0.5027745285576225 1928585143.3709328 223.4824302334421 124.27211347802852
37.26927107811887 30.43068629850208 4.479725557131477 -1.5012843790042043 3.06386554037384 19026.098695069824 0.5391097459083753 3.1473330176325556 -0.13810056144528063 0.5100741767873653 1930057063.8267038 109.18998470876596 51.90961739166405
18.4783459825262 10.410445169999575 6.110790582727362 0.48905952536128117 0.8674141113307926 27764.30124401897 0.6791784785980967 4.461438476036811 0.2299732851300021 0.18512028815153567 1926060510.0188334 30.74602350571783 21.927667861042465
19.997598091793336 84.63224827619436 2.99941209980746 0.2867296186977607 1.8082855734037278 5567.3539418082255 1.9916680656961148 1.866496594784584 -0.16145937584591405 0.37102830696321765 1925361668.8450775 87.09563437813974 91.89880825507807
8.89942091223119 7.9851883726953865 4.601708055826449 0.009006197630332667 2.604663398186594 15042.294139166657 1.7707770767761406 0.8716221515126363 -0.4075544093556544 -0.1999814778521505 1945613321.1251254 22.02909877083233 9.41256960965747
30.451817506491572 21.637018649410308 6.083074163745875 0.38423759418068204 0.20737605199060588 83068.7737653026 1.1894856193302465 4.63923129795632 -0.3105144450460097 -0.15406817184247903 1926541880.7618427 22.921428654481133 13.965941889215973
36.1972984420476 24.875726745961835 3.434294659021653 0.1851947497701401 1.8615235353211275 33243.38831738391 2.2062258101054564 1.1435828796619165 -0.11698009136156858 -0.09886343918981295 1923526479.4804885 46.72076193244545 36.30113090234589
12.063783963035345 8.96808756469705 1.5344130728814178 -0.5027865213331105 2.1312705670129106 220340.29022165533 1.816148644640549 0.995632152812123 0.5494457711817826 0.05370348906118818 1918174549.495018 9.467636213413227 4.583060032133656
20.626276253917723 18.631887984258977 3.2350600780862293 0.478362137781108 2.902916600065521 57123.18350316359 1.2075721584618426 0.6347284152931678 0.7137636649034987 -0.07786555858225877 1932853017.3495512 17.56061984586255 8.512646811429805
10.467433171707825 10.171989636188126 4.711315379998406 0.7434037618232537 1.8895397810254109 8697.754413963687 2.0123568910693552 1.861990404984324 -0.2515723263071859 0.039848338406264734 1930115617.7057533 26.08833626792798 18.15553326925046
28.425520952348762 22.900188697531092 4.859373794411942 0.8109115009789167 2.973342975989031 86679.96377992963 2.4170305776393515 4.4123856315137155 0.023150344431917276 -0.22101066688340562 1927192960.9091763 32.01401271154977 19.378525690286555
18.4783459825262 10.410445169999575 5.872505433510973 0.5793739369106885 2.8586884052638233 148221.24615984684 1.3811885001256619 0.3462882069547135 0.007194753715166376 0.24175831916106524 1944762755.6609337 2.580120236848765 2.6031993856988347
19.997598091793336 84.63224827619436 5.084905101890597 -1.0613959971816516 2.672714032932225 3495.845536964203 0.9193131075791042 6.0252776057723745 0.1392850531671468 -0.022247357841552417 1947599134.0148757 335.51559074854714 162.1540656891911
8.89942091223119 7.9851883726953865 4.098806364425599 -1.0089147628658537 2.73775094000322 4358.732891904676 2.288727990676723 5.522785155656075 -0.4529568953541743 0.5593947050082093 1936087700.3042097 37.45425557891998 12.383163257190022
30.451817506491572 21.637018649410308 4.470838979111342 0.7785338124406622 0.5676364934097097 90147.7462447134 3.0452777574423417 1.2152728218244717 0.5734922543492444 -0.3562503698185585 1946169722.0798779 73.75287644489458 35.54802610738947
36.29861187961863 26.072502996164342 4.629453165757361 0.20946626128664467 0.721610082385558 18935.504765764304 2.044690720097413 2.4389049278194874 0.1923244939637357 -0.016660935182782204 1942203926.272906 80.18634895377498 48.111268961762526
36.51781295278516 28.661840054248653 1.2295765287821927 0.4302277828968971 0.45087495316153353 1444.8227113477446 2.691148760234654 4.2600049972228415 0.0675048088824783 -0.11252817869898465 1936992012.0460534 927.3776671073842 484.73912239982394
10.28752983858939 8.568684824874769 3.2170107993310455 0.5462632311881909 1.330239015359963 247959.0594457649 1.8597191516373555 4.317243133594143 0.3943745565566595 -0.33488957932444524 1922694242.4727936 4.188365266635211 4.405935810499625
20.626276253917723 18.631887984258977 4.970791456936061 -0.41860298972824406 2.125200197774842 5617.107743532001 2.451421191218737 2.8884991472799855 0.1329220611505096 -0.6211506343487083 1920379012.990023 147.31689937426313 51.248630780914255
10.467433171707825 10.171989636188126 3.0181053946874274 -0.7770543318975661 0.5349509411093141 15615.386646760464 2.4442430338275316 5.122319302800307 0.2026227957501439 0.3919770280125759 1924911461.1281922 66.73283017923745 31.891768183033946
31.932270349839406 23.791582831014296 1.2557862800603072 -0.3614742389142439 2.903978380117186 5144.055963476059 1.6276993994725317 1.4515606261235683 0.3039227580709412 -0.01569030654843967 1946019672.6377828 27.374335104937504 52.2398841400647
23.73209466648568 15.635770692657918 1.0538868326973452 -0.1916452239245587 2.6182966536362167 22593.348091386557 2.5812184529728275 0.6516793880218499 0.25879401454132095 0.03961795329927347 1949507243.5387414 36.310088670573506 41.145016635181385
8.89942091223119 7.9851883726953865 0.7300865931076974 0.21564183749047003 2.7574698792558827 38446.31574492858 1.2250747159937494 0.7770603672114071 0.42027343963131625 -0.47507607190728074 1945937927.518471 19.62319642567262 13.580007987008297
30.451817506491572 21.637018649410308 5.668316078401349 -1.3065525632458486 3.0054848704276087 12513.792708661083 1.9654276806315036 1.286782973616773 0.02433503685048787 0.8128858718789245 1943537580.4642205 72.29734863637555 41.377478149891786
36.29861187961863 26.072502996164342 3.822702651056649 0.14448988482768496 2.8414425962709355 1904.4290327878966 0.9171329466638444 0.7311415960045439 0.8673810975476379 0.09246661412908218 1924807326.9373577 203.62917180695797 95.76079261597555
11.130655598039606 8.923095692810719 5.067731762631924 0.7591815831967795 1.140664350392831 25656.653505424118 3.023267229009775 4.6290922051495516 0.02395519438292899 -0.07387148482848965 1932373013.2952816 44.50692999664282 30.27797695725192
17.459260263722342 17.18656296944252 2.7498732754979276 1.051628663567416 1.1182812880771522 24667.233814032636 2.531664196311878 0.8662403976577917 0.0790142736747389 -0.29784235115008934 1918210860.261586 60.82418502085457 35.15914191036448
10.467433171707825 10.171989636188126 5.151333476547159 1.1114578245052167 1.5468125152248688 8850.49699573735 0.9590286542004337 5.123355223024406 -0.4584756548230365 -0.04900389229476393 1921768073.497586 43.29300799383575 22.73914870897454
31.932270349839406 23.791582831014296 3.8733429759688525 1.1919798986097534 2.12929987699133 76368.27803117184 0.7744473004885644 1.667905328357497 -0.6530623679353624 -0.3796569617579412 1937862436.0447192 32.76346188338055 16.68032350167777
35.27259012785487 21.78329042819046 5.5358714098562025 -0.30512190641149733 1.3365402042930512 29525.957501909885 2.0170911592517276 4.074626466259056 0.41407206068483215 0.11406180566773584 1918776706.5689979 40.033345897639585 30.704065297012942
19.997598091793336 84.63224827619436 2.7664305965093434 -0.8845216353013713 0.07398360484089335 17438.451316589075 2.301488607222468 2.706125808496502 -0.6655677336749439 -0.5498606397344287 1929743198.165165 76.94017743125274 27.374533261659682
8.89942091223119 7.9851883726953865 2.256365429540567 1.086536368708117 1.2131478686489263 46522.91703516525 1.8863015621572987 3.4523210476949497 0.011779906080739998 -0.12519761691911582 1944548019.448713 4.393552446381897 1.7470648143536929
30.451817506491572 21.637018649410308 1.7135590874562356 -0.8327852354228426 0.7346358570273821 91803.92557572457 2.150784299758134 6.079025311413281 0.636573634592968 0.03538282233729687 1941816839.9424658 14.836253556497716 9.03143728151682
11.396741608955246 9.034945880065962 4.6797568346761205 0.4368001492609666 0.5566475623768298 51910.507043099846 2.1081737029886876 0.4928294602131172 -0.09891963842365806 0.22165842155313464 1922864507.6415188 8.474350732458904 6.8873301983616475
17.459260263722342 17.18656296944252 4.459527040257377 0.40317011126450997 0.10596091140427139 6750.58003422038 1.8641343186898245 3.034481333067163 0.8959044412403158 -0.15607280675926474 1937189764.7239897 65.6695112514543 58.156524681095306
10.467433171707825 10.171989636188126 3.397899641773296 -0.04898145707980268 2.4229562652077576 44225.388795032224 1.8506369889663024 5.872580160863188 -0.34786494967382164 -0.06001660431202387 1944077954.257486 14.551778089180663 9.541860096380612
39.48828631934576 29.22126452387401 2.241389655507649 -0.4171832137321506 2.5862281927054953 7583.236161393107 2.8037463254103354 3.007043382155412 -0.9391250541478089 0.49436401396408386 1946005731.7143607 255.24807358642445 151.26518635275417
19.997598091793336 84.63224827619436 4.984373972818185 -1.161571892853177 2.3826983797284056 17364.50419366493 1.918248076949976 6.230236893615902 0.1401213231596596 0.7449629052480691 1928928332.0611305 69.10545673257799 29.05643030286683
8.89942091223119 7.9851883726953865 4.204787425278742 -0.6021627183823504 0.5366193607203802 21302.489799074654 1.1387733004930483 1.3156948637132964 0.16881743562549076 0.042400203578740775 1929626648.822542 9.041283133110559 5.203255325462592
32.39708605731557 23.112734684006902 5.60460545527719 -1.402436236971859 0.7511418252703933 22733.376483507356 1.1736894644138238 3.557181022347477 0.00044023583155200475 -0.21624302348378804 1933823733.2765284 59.32917520713453 26.002004487978727
36.443655089302545 27.90485096610734 3.681803153889644 -0.42137847759237324 1.3520622714338442 13386.446714064748 1.00216770515679 4.603768765391572 0.48229044745773425 -0.20358751770740374 1932940143.233873 106.63339318130001 37.466157910308475
11.396741608955246 9.034945880065962 6.2233633474942796 0.8295746403804573 2.5077153277729396 16319.0002912081 0.5456428195689744 0.8397415682299765 -0.08855670666704965 -0.08575689424942261 1922911641.8106697 52.40725442254576 34.018005437264286
17.459260263722342 17.18656296944252 2.9560272885855743 0.8958157692535396 0.81732810140827 9416.048428141763 1.9941415179500603 4.254452690974983 -0.34218979947208034 -0.10815921110455795 1928484041.6573417 94.48268137610924 46.96749350033455
10.467433171707825 10.171989636188126 0.07975223920331731 0.29999048616867996 1.3106789301796573 176186.2556285106 2.2865142542248695 5.285999301773203 -0.2589427365384041 0.26625294827872553 1930870553.8733265 10.297726720348525 2.664832819222887
35.326170884665814 22.063375527893314 4.241109388489972 0.2708956632451719 2.0463415767841022 5090.082989708664 1.7135161141112853 4.563466778425926 0.3255271192900836 0.22449881923157403 1949308890.9222224 92.23160354501512 67.9815398998327
19.997598091793336 84.63224827619436 4.937723212870007 -0.26844626814122957 0.2160429492889035 25029.84971088664 1.2599904410217857 0.6393364927641002 0.33220659895320837 0.5909690825264898 1939105232.2110965 28.600434380342673 23.684992145286618
8.89942091223119 7.9851883726953865 2.9286541845579066 0.47114593294790347 0.8498636720586185 76297.35850301712 1.0458663791990108 1.6991616347372687 -0.004949898352082423 0.11877745378607363 1920735460.5241828 16.525342952371254 7.197710567835504
32.850834139275825 22.950177184842662 1.2272050259089267 0.8436331834455131 3.119308525644271 45753.58047431251 2.090525339713259 1.2000784245102212 0.6005812123947142 -0.18667052994097377 1931417621.7950826 29.353816337908466 17.400138340367324
38.46523120155539 27.716139743848622 0.5199005993881337 0.44715870018176884 2.0932858419244664 50014.22952024007 1.7223063157532605 3.156944945963074 0.11155159603826906 0.18543092671393674 1919560937.0182447 21.053843530346562 13.747368278903474
28.784706591432116 22.3659904947243 5.7752046821350955 -1.3766349171951269 2.998347765617454 11014.69085994528 2.4962474095455955 4.578784723207895 -0.011949136222521941 0.6264328670963719 1920453699.0335147 140.1522982663392 70.22560921157474
12.318995819728883 9.653188120555985 5.537340173580841 -0.8571099831367703 1.07694252541327 32624.894526660843 2.628953766428329 1.7421532024092046 -0.834014665022457 0.6031705022150103 1937775099.876665 46.32009689666246 26.576778873126198
17.459260263722342 17.18656296944252 2.3455924195510853 0.6844340373592481 1.8844369169203299 13060.430917727268 0.5178882310827017 5.209048784565051 -0.02816082901157006 -0.21438965261416054 1946117615.6964226 72.69536012357281 50.77937672437051
10.467433171707825 10.171989636188126 5.244084939501456 0.11693195062981672 2.1018742978678078 10583.213709243448 2.119936290452295 5.613244062974893 -0.19976817838150923 0.4455758375427107 1940526115.7558253 42.03194182318495 31.397156810202503
39.73378067900693 29.58243728735184 1.4665532205824583 -0.4430791400619182 2.831383104275889 20401.22840127191 1.6041093880716548 1.8530454278004311 0.14411521578429143 0.09850611593785542 1944958820.5826237 5.795809795219297 7.055119053612528
35.326170884665814 22.063375527893314 0.13024342261401944 -0.43932890102375427 1.6708045268307705 66854.06349859315 1.7545250501654304 5.580150860260248 -0.26568215570060366 0.36786685836293503 1927335177.030666 12.585535530631367 4.519435536412959
19.997598091793336 84.63224827619436 1.481342673624939 -0.4877806817615457 1.0601006033449638 8085.75056653199 2.217989112669547 1.8811822899879762 0.35257298331629006 0.7385927377519211 1943903942.6316814 122.6764153796832 86.18175805964441
8.89942091223119 7.9851883726953865 6.197520533396629 -0.21963985534947453 2.346431230106131 25518.275831621675 1.70086564433997 4.134185336172214 -0.26302884543764105 -0.08400856368759994 1945762126.0678763 13.333743184474194 7.510975951378533
45.10652351370831 30.607606524604623 4.743773140739809 0.7855918283132783 2.3542817343840916 16450.491255760022 2.217879654301522 0.3444560608268947 0.03782668745132514 0.0541408045139933 1920478410.3329904 98.28525614933642 64.24259572228468
34.9445312734007 25.951332951395965 1.2140811729980814 0.07563060719645208 0.8500830567622986 32721.8080725194 0.6560324759107542 3.654028648095244 -0.04250114024040582 0.008540021598050779 1922902325.0736618 63.10486569036367 40.651078140061024
28.784706591432116 22.3659904947243 2.387574908829163 0.6230888048119492 1.6950805397049309 47722.38675216657 2.3904544471107236 5.028076942800196 -0.1649392939990235 -0.3938632175249212 1938190099.6665442 36.65747173519021 26.87433330674459
12.318995819728883 9.653188120555985 6.274641395609192 0.6262554812231687 2.6678869136713224 26198.221820558083 0.7205582586588803 3.434827313819768 -0.001092675227759258 -0.08704203668933747 1922723413.4862475 20.866916052874306 11.568688912081939
17.459260263722342 17.18656296944252 5.749064797017745 0.5081818785164834 3.0855679561474294 18957.763926814718 1.3286108793915226 1.3242436081023892 -0.03255032642210256 -0.08012586556329841 1936052889.1313825 19.471651674130744 17.003587370383144
10.467433171707825 10.171989636188126 5.20391825243315 -0.720418667536167 0.5580813531102552 4244.999439503241 2.2089215897911587 4.714686880320356 0.012730913342802413 0.37093898017815435 1942861215.631667 134.44165280087606 69.27915784784211
7.793781787306914 6.443227829505234 4.347792746971835 -0.8202538885730215 2.8824925776016586 24602.87375783137 1.945433854416615 1.4425621858087698 0.0735127141689264 -0.1549750405323575 1918102401.6659896 20.259739778317073 13.107343372902706
34.9445312734007 25.951332951395965 1.0162552263954419 -0.04385029319408413 1.5431231558877843 31971.963425068534 2.338160881717146 5.030444256982203 -0.569920554064161 0.014749432230704636 1947261834.520959 13.312898196666252 24.502687458528637
12.318995819728883 9.653188120555985 0.8994761140670064 -1.056381654839896 0.49033751401068537 26092.60640446518 2.3713187567615632 4.5274076768036 0.24636016012362016 -0.32630738021849215 1926192012.8187742 34.677546208285634 14.693282181381246
17.350546116270866 14.297940306092727 1.153501396889975 0.5679997615544473 2.243020576067616 18097.19901314859 1.2159995493801314 2.634779691518877 0.39582627584127045 0.28037432141375657 1943844711.0384638 14.239412657177303 11.425277929531719
10.467433171707825 10.171989636188126 2.7800545220908868 0.4300225310624215 1.6407827867749576 12535.733989347173 2.364828439590085 0.76545522321611 0.6487441586315286 -0.17669436793634588 1941815694.3588305 34.53880465866126 30.96299589415708
31.310466457967557 21.292392916389023 2.6665754373131083 0.3377070356466089 2.3354980433644914 13661.088120618715 1.8355432854925207 6.173969132970293 -0.520336877343708 0.1703821965034962 1941624637.6916282 36.678519576707636 22.72553244179137
7.793781787306914 6.443227829505234 0.6729744851986073 -0.39014282099924436 3.0338662041895215 124196.14562031819 0.4818104183813847 4.799582488816292 0.20069637230586912 -0.521725533054967 1929692819.7401192 16.364187416307733 11.562163037043454
37.82734150645578 28.324198032956858 4.0695214198548095 0.9160800375773674 3.0781557452854345 53837.84634499378 1.6701839509030183 0.24248155929833512 0.4460853757861018 -0.646559877145871 1927800918.8146615 47.9981523318611 26.344136508454785
28.784706591432116 22.3659904947243 5.477748672496504 0.8764987918999095 1.4724892427748797 12348.525846872186 2.4908997685312775 5.690116388579746 -0.38741630548189143 -0.1888431594249217 1926380037.6436665 103.61742019067692 35.95910763977229
12.318995819728883 9.653188120555985 0.3071336476618541 -0.7221314447374089 2.9313817397586583 44528.53968045639 1.5921237036360316 4.859999674624611 0.0022473660780482534 0.12976372381157023 1920232114.5106032 18.32325146573717 5.381772006706779
18.507303706077316 15.248680322303318 3.040106346718734 0.48415804780845817 0.35785397444225375 42099.47623526764 1.420981381530135 2.2543182338276475 -0.10870471839567755 -0.08795810560403405 1925070154.483077 17.285152542420406 12.766623825066123
10.467433171707825 10.171989636188126 1.7072953692470447 -0.7591061683777541 0.6364183453037614 68881.3866547584 1.0122221681607844 2.36319519052556 -0.0029106064703993658 0.4890981678345754 1927998644.9578185 23.030385258602053 9.964790055433141
29.66014359135128 22.32550748386012 3.35128728568475 -0.4178213019087761 0.32092741067092545 16063.315402680482 2.1175304563385584 4.578477698194805 -0.08192619694229362 0.13676272224536684 1936983907.569663 69.25067104282486 29.95858254070023
23.168617062141823 16.258480014024357 1.4721063989733454 -0.3092058914553849 0.7367686336649619 36222.90676862614 1.4614485578861494 2.37486939218551 -0.3471695734191653 -0.09585169947127738 1948567410.1835186 5.832694066437871 6.74216672184375
19.997598091793336 84.63224827619436 2.9779777583940956 0.8018304028969042 2.8671358642164826 50767.964905314264 2.3249934433956048 2.2175748931764256 0.11605662197967719 -0.6682810626842536 1935873819.2687285 31.33310350353858 19.383443584056664
7.793781787306914 6.443227829505234 4.648281336482411 1.3992731855520977 0.803991955984495 3593.7043549807718 1.2376242760136653 1.9651753357386652 0.02924231681235562 -0.2722279032661971 1925357776.5514178 46.01861050570705 24.233329795964107
58.03554081188838 37.13604614151101 1.166030816862073 1.1339682467874395 0.37729617913524416 10855.101840484158 1.870132207915475 2.1614570685913255 -0.26349646523356834 0.09697274455218197 1942516765.1713989 119.14295156137663 44.82373028400257
27.560621568362862 21.747895168933997 4.306340335386282 -0.8163105582101507 0.7689161971284885 5006.443830061838 2.136663623772445 3.193213648767671 -0.17102220582486108 -0.11816010371912616 1924795669.6906524 32.8441094706527 22.27262265984631
11.745997387661696 9.813740319710046 5.174100635492564 -0.09993643410880057 1.4207314695249857 158783.54069261317 2.316832171689166 6.1280542111121346 0.2989881970765885 -0.011388305002291911 1935763726.531078 11.478008758497298 6.027279426332488
10.920527002236607 9.80226912347844 1.1136803341940325 -1.3686698155364556 3.0357592398036135 119642.62405570221 1.1153885256224716 2.4421564388846724 0.11437505094880208 0.38529664868767366 1925855434.5369132 10.854005165313534 5.501141691877532
10.467433171707825 10.171989636188126 6.029846169325759 0.8042255198496148 1.776272119964367 9458.887319793002 2.1808697472262866 3.695598612457405 -0.22776153982521738 -0.13503321321922007 1948102714.0301492 45.74299708770977 14.15484682592019
28.31882547690163 21.340328432229608 2.7750418359370492 -1.3746449578477022 1.3594675996885421 24995.63483826977 0.7551404838783179 5.413066891918345 -0.7212332291370975 -0.20023095144760195 1949085872.2001934 50.80956180035829 23.770718441172864
23.168617062141823 16.258480014024357 5.791439475583429 0.7768294046286748 2.3928085580332055 24834.399757364852 1.668567747676573 2.948282408963542 -0.4455997213743293 -0.34514062951437363 1941993808.0885303 21.433694254367396 8.792677822475957
19.997598091793336 84.63224827619436 2.7947298117707033 0.01672048194577713 0.43513618910315055 17980.145282882026 1.680276080321644 0.27531673376006294 0.0567867610461738 0.13255418458716 1940657636.3852055 29.1054438998704 30.268908984880813
7.793781787306914 6.443227829505234 2.881881987468677 -0.32559501811070346 3.013769532472765 17196.069608978843 1.0291515610541504 4.4658459338024405 0.022964854110664283 -0.0962127009350008 1938743553.9696963 14.323788023351977 9.384136103820177
30.309595220591536 23.50873830201676 6.050558191333196 0.24603488930300121 0.7966990362125702 59580.04117021261 2.157304684071469 2.446130265072286 -0.22919676515607187 -0.1633758487847054 1930888083.663923 29.046123120465786 20.52811131394913
9.885533531264564 8.493331471760861 1.9298001388868393 -0.9057428581267616 3.1032611136879558 111424.39648204159 2.530883757121759 4.308854269586112 0.12043884944858387 0.33953518981811087 1937500292.2012603 14.687705111883576 7.505659313960292
10.920527002236607 9.80226912347844 4.734388926482737 -0.7110477960512376 1.4452939893818677 60659.65407500979 0.8756930969725669 2.138716684016742 0.018574890355970534 -0.1462498800623812 1933433775.852277 13.371774974802763 8.069543007596286
10.467433171707825 10.171989636188126 1.929857772066473 0.962252718375762 2.6609429514199117 37116.19127037414 2.500339521556954 0.6996614018684127 0.08940649840726236 -0.37096431668919005 1927027720.290471 26.441184239181453 11.696828845016215
28.31882547690163 21.340328432229608 3.8574514047745834 -0.5363565165548222 1.7776930218835747 55624.02075028335 1.0782982908734788 4.5092787014947024 0.660894002862448 0.009173697291553241 1918696038.9084792 25.61145385554585 22.805070847256264
16.761000875333544 9.752806514699907 1.9229493416707504 0.16301517876580784 1.235738519495228 37991.152781817655 1.2828568444250363 2.285389331172283 -0.02068438400258109 0.37857914718381697 1918313173.4467623 11.082852273052573 6.746235273708515
7.968897523876086 7.565182434976506 2.946576731807589 0.21820838342803542 1.104623173084552 4117.844955742339 2.3926698892292944 4.25191602342125 0.021780760255728004 0.4875544704388267 1923608393.3676 71.60626113505748 53.1501345741229
31.66244638708658 24.98230692092875 3.7044710201349043 0.10522420206895594 1.9091767264820856 7951.794578740844 2.4345906935592585 3.3838640217871583 -0.45311766050637337 0.02881815714312635 1939086756.7551122 148.1621024312659 101.91801554890196
9.885533531264564 8.493331471760861 5.598627435690899 0.5530032791899635 3.097901198942167 53451.80130771578 1.4800925205637985 3.987347465007141 -0.4036271976675354 0.7123016110517013 1947945495.9884188 5.405463330954386 4.885787884362741
10.920527002236607 9.80226912347844 3.931592296948259 -0.11939059199609968 0.2257988672509449 73383.71012086484 1.6112991543996966 3.1559282951011887 -0.3725977496990192 -0.31136137853577395 1918691403.106065 4.296193248199712 2.1056607752088903
10.467433171707825 10.171989636188126 1.7987427092313295 0.4373559888403769 2.3608574582628203 23962.554149565884 0.6259139811186325 5.967979436373502 0.09673504494611214 0.22773955645825905 1944983088.70252 27.798631938252583 17.521428948620578
28.31882547690163 21.340328432229608 3.029426132426471 -0.8469734018977706 1.371804849759106 5153.511143472013 1.9993465066169456 2.808749430843438 0.5312926857715332 0.17687127404340003 1930927594.9308121 171.34417515536467 103.70447537378043
15.587144236682454 8.57593370365536 1.2562376731044786 -0.4388007451308789 2.4651970495332765 7368.220926991636 2.4087967948715203 2.390472474420169 0.014812111219858958 -0.1291241531493237 1934580083.6659317 33.30101528059631 26.61149754145567
19.997598091793336 84.63224827619436 3.437665287431632 -0.6419251600422264 0.4540182363031247 40246.15000516763 2.2419553209200287 3.9408524702759244 0.27953134691618964 0.36518544969812256 1941593978.015459 22.388977234127406 12.32108805900549
7.968897523876086 7.565182434976506 5.700096353350669 0.17710019335724708 1.9480226290937883 40403.0120134604 1.4741572143214172 1.628891806811776 0.03996557580678334 -0.06712042289933247 1941593065.7017362 4.815377391778788 5.894972303965918
65.21693215128948 40.62690293962909 1.8856265898283646 0.1556226914252044 2.4020533028552307 21267.521055222012 1.13950213021136 4.115835047301508 -0.06168229925089982 -0.09131319365984177 1920942017.4281433 68.78220593788284 34.234049103304585
41.14743722751061 11.54461377709059 5.8376266789431 -0.9835988592031911 0.48351265432559754 83479.00077041308 1.6455018553680238 5.071287627927837 -0.3551524570974461 -0.10365002895626695 1922254527.9180012 9.350351873566833 2.3192484740914066
36.459006085674666 29.877651831879007 0.7603843582178205 -1.4581920660623038 1.0329985332235683 15399.581669959207 2.2246866356175965 1.263306031256804 0.06297410139108978 -0.1369951520437361 1925628478.98316 89.01514091186655 44.471230444937326
9.885533531264564 8.493331471760861 4.8518827270854095 0.006914444583602371 3.0090061893627005 9169.611650640512 1.9305935157989342 1.8556444785439714 -0.07018330876001444 0.3130432256753598 1926916690.6532571 25.48327545277314 16.79674938208592
10.986806232859452 9.78485167438674 2.6249797738328904 0.47573392090062233 2.3842422201692854 52459.29813099589 1.2318902947140966 2.5506842522270703 0.1491113260010805 -0.08039428378464798 1934549879.3269072 8.139492559469996 5.340421525524436
10.60917918182184 10.580897084509676 4.609911829167684 0.4943783901694017 1.3203540431672236 16673.737498330385 2.422337204272147 0.5835046498722458 -0.9431151730444602 0.42825396198095683 1947912966.8708522 24.788576934971786 6.473208311831918
28.31882547690163 21.340328432229608 0.3857718030069689 -0.3575857806253276 1.1435551659962064 14470.248300842166 1.4038682336598356 5.333577740581249 -0.5936918553779309 0.22989070438630912 1920721538.070123 32.63743429892861 24.79896528442346
15.587144236682454 8.57593370365536 5.1313675876838705 0.9162376773003982 1.1752410005298555 33554.64701897116 1.2117045319359705 4.861684196951962 0.03012209001420923 0.33983675319716283 1936733379.9501185 10.013785100154056 6.34434723288993
7.968897523876086 7.565182434976506 4.75815451324255 1.1350231742890544 1.2002528723712413 8689.209712524676 1.4435583664279046 2.4111419619453556 0.4113784423278422 0.6490058790146117 1918683792.2032213 44.52266197717918 20.923463610741386
35.28747551446011 10.841770447854277 5.385696294578779 -0.11597534805077124 1.6141430272048343 44251.34464911584 2.0122620894226246 3.4474069160037355 -0.19133790739037834 -0.007112449916269234 1924748814.5027015 7.752357985248287 12.805067160662075
10.330075393264302 8.70860505497376 5.858728006491126 -0.06572591658172852 0.9389879716709719 234541.52977732048 1.5030005862982274 3.430885053520272 0.05664814877631567 -0.061601840014321535 1919503154.1425676 0.6048106878679721 0.7427277131042733
11.866346349031678 10.43175266740997 2.7376910248221096 -1.0008908581446851 2.426393973329504 22848.181634194483 1.3004137075057223 5.32796079150759 -0.03894251650340369 0.2113856135458749 1922179728.5754874 16.16363068421238 7.016370562617707
10.60917918182184 10.580897084509676 3.713827513888133 -0.004499512076033989 2.564277288871679 12974.85313436108 1.1072318939873753 1.8776286221880862 0.013505883980888131 -0.03386008938048951 1931934356.401715 39.340782590438515 27.225192318598253
28.31882547690163 21.340328432229608 0.7139964902137743 -0.6818054025349535 1.1868234870718315 11335.843721519814 0.962017181718963 4.25620821509748 -0.8285812081984977 -0.35806414157449035 1923713779.9575229 14.288796893343848 15.67617645517857
15.587144236682454 8.57593370365536 0.7775492827139073 -0.18939335822004288 2.717767963626648 15977.285797813864 0.9680510110462809 0.5395645996978365 -0.6934762670807398 -0.06588258412918173 1933726805.2662318 19.88462524133113 15.346147756653004
19.997598091793336 84.63224827619436 0.6019965935154603 -0.6310825459527502 1.3360307398205526 6265.356923765699 1.724998198609292 0.05772532475794154 0.0848407871349205 -0.6712877395459607 1935890066.5754495 100.16646189438202 64.84443716712767
7.968897523876086 7.565182434976506 0.03913614779664147 -1.0471487024873505 2.3908673679272314 45212.572016246515 0.926520364754159 1.9461847396038607 0.4112703667172206 -0.3806065654236875 1932818807.4586413 16.78815877248794 7.766037142864062
58.30125303238001 38.04193310348133 2.0114510176349896 0.003479515743365318 2.5882530410397435 31683.30429978265 1.8027427302921113 3.8626746584504286 -0.14822881500462393 -0.03818921513688176 1920764146.1282775 56.68076326587569 23.921584626714797
36.323994019736 29.77191504316391 1.5180238081032977 -0.778385660968207 1.1755412793897506 9396.767672226157 1.8341656811748324 6.15972436501629 0.3367720062329017 -0.6679053447268746 1933934839.1850839 93.16523875285137 47.573416527874386
10.268210091609323 8.293598466234549 2.969342009534137 0.6346352130505284 2.470243376687909 59677.977243856105 0.5793265044677887 5.988889516918363 0.16158728256194485 0.732133068415189 1940072068.1965659 6.6597820985094485 6.2810471175858495
10.60917918182184 10.580897084509676 0.17809443918327975 -0.20716653791505601 0.6830288362177552 3043.080578368985 0.9187457210739424 1.790896552015141 -0.13571597380309355 0.05037063179980778 1929390089.3740282 96.32925072351212 66.30686619551155
23.042003606831564 16.049948003196178 1.8149406842845313 -0.22556586739718365 1.6235676856645012 13236.709532274506 2.4875034605578996 2.109936181913166 0.011394518124391979 0.19164267041644154 1932657956.0795293 77.30013146191692 28.696089550376517
14.908940271626662 8.485952958223365 6.186410388850617 0.019665275418602454 1.4225541261480221 20927.205154215055 0.7620744928886094 2.224440398101513 -0.5131149289915583 -0.49404919689655885 1936825831.1566336 15.105550318282916 19.8653758735295
19.997598091793336 84.63224827619436 2.4354869957254017 0.2173408481963942 0.27371572275033423 2541.6807389120945 1.1688440228356767 1.2218470216603832 0.7576563383831151 -0.21856061927295048 1923386395.5059905 215.9241389399686 152.3513189335752
7.968897523876086 7.565182434976506 4.967126772590184 -0.0014377784859760782 1.3019501691769197 18006.871945481824 1.617921809449308 2.8045923599348535 0.1443275366478163 0.05827161136667498 1924784067.175098 1.6655165728036885 6.813720816447398
40.98027811746758 17.57013812446053 3.8637579632685037 -0.6840110249108428 0.8180963174324372 38921.1348887898 0.6291231400027518 4.89754176615641 -0.07060709346375364 -0.13659687023397504 1923109728.0286105 75.57786760597635 40.165229765102346
25.37451219402886 21.276777287196666 4.590981851022516 0.13093197592001557 2.469168875351309 18417.459384084526 1.4925359792621997 2.949853743038937 -0.35133072361970913 -0.45041460647142495 1934338754.7432804 25.482458919991988 8.366344350197961
10.268210091609323 8.293598466234549 6.214113279124053 -0.17365594259350564 0.020084975064873896 6277.983582845209 2.3114806746518775 3.656164850420684 -0.3531701111846529 0.41577359352002385 1923037355.3550732 28.89444616381797 38.655655293588396
11.458584853641947 10.480127578982454 1.3901095756667894 -0.5542039958269076 1.133021703851033 19240.414765375725 1.1095767037536377 5.052098979754588 -0.06433781459543017 0.011819002056431742 1933490912.4863853 29.470009723014627 20.51572175133095
10.60917918182184 10.580897084509676 4.158026421365456 -0.7096177969677192 2.2381835786800286 20990.969419359626 1.1197040854543128 3.2729232267985076 -0.030262605046476713 -0.2622226573336476 1945209900.4376307 12.039584771576218 7.851356836093469
19.82317646085843 14.634024399838154 2.5145976934605554 -0.31215192783923723 1.7835645261017188 12275.129916281368 1.0884827352324387 6.135791742436326 -0.09785523630654581 -0.10123637462258973 1945713029.418705 28.36678883739526 19.050896767770563
12.279084047202172 8.137036650378977 4.24789314677183 0.0947862455965258 1.9000612048157701 3164.291254868444 1.1893727081951984 0.12297355886281501 -0.5178712731320535 -0.22269792302933683 1938587285.4926572 80.93921913752334 35.66659233256939
7.968897523876086 7.565182434976506 0.7183044524775046 0.2597669950418149 1.2175937539799082 48943.01147793593 1.4854882019485651 5.8557977571505475 -0.24805018898465492 -0.45755721201289445 1926454864.959084 6.3566403566652605 6.96117357042277
71.86898200684317 54.07773751175381 4.103188369452613 -0.6185325131823547 0.7126619873839143 6432.25261072477 2.2808259778744278 5.706751423012099 -0.6632196291116704 -0.29766394547826003 1934063723.3592818 309.4672270900124 129.9104098981136
41.99881105098861 17.305199014580623 0.24862866597850464 0.08716217564610357 3.013847081763596 5125.477364667089 1.0893082698663494 5.630507431740479 0.08221673040602805 0.2502448881985801 1930619742.4720302 35.144393218971636 41.18544524333721
25.616635804426295 21.566503470114213 4.509297514489898 -0.5577947640860228 0.16660925495628645 39041.375631426046 2.0736753654035174 3.741470267659929 0.5992111323017786 0.2623115231257982 1940668684.4292681 28.62383842044677 16.503842205075646
10.268210091609323 8.293598466234549 2.057691550239752 0.5125267048419205 1.297928143052772 61560.671032942846 0.6332815643154581 1.0360611868015095 -0.22678818211009488 -0.5093540144282929 1936088070.848328 13.902132303388317 9.891380482172075
12.251521090766031 11.936625332735293 3.6155088976726084 -0.7071367938467015 1.7203174144236264 32852.265682012876 1.1569668085256706 4.992846152199703 0.06699575088026488 -0.29102649820735405 1932085035.0863414 22.17700153822529 5.982423211888619
10.60917918182184 10.580897084509676 5.832159417492696 0.4449161628485045 0.8525908832366081 8966.427267856248 1.3656252698517817 5.390170518181838 -0.005435072251105659 0.139308027080945 1938672819.3414085 15.960797460092369 12.029306156328634
20.39503741999704 14.837749627981257 3.3732256618190384 0.3168256504739617 0.00422014118527867 25020.60055216595 1.3997583761646868 0.44175227151276536 0.003262860344756621 0.007862159611991089 1921158392.8580828 29.89869325957088 22.126851442957012
12.279084047202172 8.137036650378977 4.126240250330823 0.11475911825317356 0.27399887504864234 5232.966892299109 1.8294782387141275 3.9309158213684525 0.013769171129988727 -0.007891617936079207 1925109116.3872807 23.010869305869306 21.77333353291866
8.035998281330878 7.6418245373985005 3.516900826674171 0.08666438603147063 3.020322201281585 41992.02649179922 2.1466280310137567 4.500736888316528 0.2553538929459406 0.1335496194025861 1930282534.038786 7.367292693906685 10.524068550150314
31.450775093153524 14.309520277096661 0.26399078994213176 0.3836105525913607 1.777650129639115 27934.970815690736 0.9943114916938046 4.03724063926988 0.34366176190991654 -0.652189440956955 1930210677.380142 25.688788319722686 20.06318466073936
31.31763053613544 27.30678631831421 1.7789955276979423 0.2759666720922592 0.9839998327793978 33300.942006582605 2.0481961303780856 0.1708736248180279 0.033774621512338746 -0.04214570731920859 1942158308.3197188 52.85838364705729 38.2840210615224
10.268210091609323 8.293598466234549 1.1031023775472355 -0.8208305615961824 2.6881093460103265 132150.75575411879 1.5865245208593233 0.5110944945993594 -0.3050116353046862 0.11592043231002733 1928852546.9986632 12.286504042281964 5.165371231662811
12.251521090766031 11.936625332735293 2.841389677246755 0.5709695744869531 1.185445714834664 14803.044919920314 1.7823968083291568 3.3767262315052764 0.251584368213267 -0.6073320630347221 1937643501.2953722 14.286695480171174 6.382962403205514
10.60917918182184 10.580897084509676 6.158227231681594 0.6413997609355889 2.4313964875038776 2121.4639246590136 0.8490282123006044 4.423157972722905 0.19850910530901344 -0.2980097458258847 1946389458.7952857 119.73700252113986 68.33812190928687
26.612760319495294 17.5424617641205 0.14930709944980908 -0.35726154856194686 0.3677072333955927 26720.74137779593 2.1395166836437234 4.797887743735361 0.23204924742907793 0.7554106199383636 1935008179.5532646 35.612856275567104 19.696821089977046
12.279084047202172 8.137036650378977 6.222056641969713 -0.2258617031777003 2.9675166413714704 49151.47036908246 2.1190106648669027 4.870111439375397 -0.11899628743522112 -0.09115718612492826 1942446945.4567533 18.612748207900953 9.698410441941128
19.997598091793336 84.63224827619436 2.1734777541518704 -0.2549643380010463 3.009668705811936 31294.709564027573 0.5422718510241071 1.3621557247770737 -0.37948363316721345 -0.3477277134365576 1918968863.2731028 32.382858824271466 7.342227171628727
9.4424794230405 8.829816753519456 6.257265815083278 0.02470465275443578 1.7488601454896282 77668.48618905027 2.17962310453998 2.8892393570780093 0.11380452382665879 0.008076492805988808 1939915792.6093695 11.451392197397753 4.6924994192501375
9.969768299653367 8.316834427268239 4.408057936145538 0.4108625344250512 1.0351484937271587 4084.703131281072 2.3586427703480655 4.135713506337351 -0.6307957361695969 -0.5486304311885215 1921933031.8016362 58.855932604479534 49.70779016901231
12.251521090766031 11.936625332735293 2.279109240561751 -0.6120855789428332 1.209871253936378 7740.032913986157 2.2018942276617213 6.2347079403180015 0.09046074384498316 0.10149783495329956 1924041317.4021206 89.8297110711332 40.463233090053286
10.60917918182184 10.580897084509676 2.2596325044952392 -0.19838974964316275 0.2529823243994503 29504.354360364687 2.887406067664552 3.208177252430181 0.5282148709234232 -0.2608777901723937 1930096464.2906299 24.386504569502957 23.618734289274435
14.830987675224351 7.513788685693645 0.13590314552785293 0.07093494987573744 0.9123056721248327 130108.02729764378 0.6059162516648293 0.05527734354290388 0.046504641029411556 0.5963395172059537 1926506373.1231349 16.469126175943234 10.59135790788825
19.997598091793336 84.63224827619436 6.22563135039867 -0.2782320541422437 0.9612279115634801 46848.06581392859 0.7901651216121837 2.413296650108333 0.25520023562674254 0.061119789340602 1930252858.8705683 31.566367936323157 21.131206352249585
9.4424794230405 8.829816753519456 1.8738285793354408 1.278024363759632 0.28817968686165485 230415.24337229124 1.5538970166993435 3.5550592301467554 -0.00733980586941567 0.038786540565552446 1948979108.1608 7.4679789560473795 4.088091045460376
22.83722326636269 12.768530362094026 5.353245622912398 0.6361533902034557 0.9018586631377624 139862.6552004238 2.2522079143830855 2.3730167718046937 -0.31633915134284396 0.26441380937292996 1945639383.5278828 15.460285349965835 9.789910836419189
9.969768299653367 8.316834427268239 2.4072654039215644 1.0287880397491875 2.630793664123407 334177.3382506673 1.3344516215800584 4.635230240139168 0.14835842062622878 -0.005709167701024998 1949471938.902886 6.055842994043522 2.781130349695545
12.251521090766031 11.936625332735293 3.5142592372165797 -0.22114354842402853 0.976557238175028 8413.491921235089 0.3528820175280719 6.026960603406475 -0.11592955323935872 -0.06309729094245188 1932699884.6179469 60.428675810307844 53.55895490920697
25.16074933666348 16.80567380350422 3.6014632430578812 -0.4745108026987764 1.6695548922033536 4853.343830773095 1.9127327411598805 0.6924002029394506 -0.4709734326476308 0.27189110393998445 1924392851.8507512 132.49915512810693 87.47279159695937
21.17950147617085 15.135480966704757 3.7600075676979188 -0.7137383657614544 1.709076699117902 59839.43458798655 1.0919763863665957 3.4120986472665185 -0.11640842705341072 -0.26734335267434056 1933986965.9733794 18.709216384285593 5.877687429386409
